4404
1.18675
1.13983
1.54938
1.3224
1.16013
1.6787
1.74339
1.28059
1.52275
1.9944
1.64574
1.56967
2.00081
1.85493
1.4695
1.79794
1.87523
1.41243
1.47964
1.72813
1.20705
0.910339
0.942078
0.663071
0.424728
0.61615
0.630112
0.401917
0.602264
0.832977
0.649185
0.59967
0.685883
0.549011
0.434875
0.6707
0.721436
0.488129
0.706177
1.04599
0.858383
0.855789
1.25015
1.12465
0.95726
1.41502
1.78902
1.22604
1.43272
1.75606
1.259
1.15509
1.63307
1.40862
1.10558
1.6584
1.75735
1.24763
1.42639
1.84479
1.35162
1.259
1.70151
1.48094
1.17157
1.61659
1.67618
1.11954
1.35796
1.69144
1.259
1.22353
1.71043
1.49994
1.06506
1.45935
1.60774
1.22604
1.47461
1.86768
1.31485
1.06377
1.50627
1.31485
0.942078
1.19942
1.27426
0.862198
1.00288
1.31485
0.969925
0.923004
1.31989
1.10817
0.832977
1.04858
1.12846
0.843124
0.991516
1.28944
0.931931
0.882416
1.21208
1.008
0.779724
1.05232
1.20575
0.857086
0.919189
1.17661
0.872345
0.88501
1.36177
1.29578
0.89386
1.12846
1.16013
0.836792
1.03844
1.57478
1.44165
1.56967
2.09084
1.74339
1.01555
1.07262
0.985184
0.632629
0.704956
0.916672
0.769577
0.787354
1.11069
0.959778
0.786057
1.12335
1.20834
0.865936
1.07773
1.39343
1.04729
0.98259
1.33766
1.14113
0.843124
1.16646
1.28944
0.857086
0.978851
1.26534
0.904007
0.895157
1.33636
1.22223
0.949631
1.37947
1.40991
0.986404
1.28822
1.62041
1.0891
0.98259
1.41243
1.14494
0.858383
1.22734
1.24001
0.832977
0.96611
1.2616
0.845718
0.749283
1.0511
0.872345
0.61615
0.876083
0.911636
0.617447
0.74295
0.962296
0.732803
0.697327
0.931931
0.83046
0.625076
0.840607
0.914154
0.635223
0.773392
1.10558
0.775909
0.758209
1.10054
0.931931
0.673218
0.924301
1.05995
0.796204
0.924301
1.2413
0.88623
0.817795
1.2413
1.08025
0.789871
1.0257
1.16898
0.810165
0.882416
1.07391
0.867233
0.782318
1.10054
0.96489
0.739136
0.992737
1.09924
0.770874
0.938263
1.29578
0.915451
0.775909
1.08788
0.988922
0.787354
1.09169
1.18805
0.755692
0.836792
1.16394
0.831757
0.773392
1.1348
0.988922
0.786057
1.11832
1.17531
0.826645
1.02448
1.41121
0.924301
0.787354
1.00418
0.869751
0.711288
1.0321
1.20323
0.843124
1.00166
1.37062
0.949631
0.844421
1.1956
1.12846
0.871048
1.15509
1.20323
0.867233
1.04477
1.44539
0.997849
0.939484
1.52657
1.28822
0.900192
1.15379
1.30089
0.901489
1.08276
1.44417
1.02066
0.962296
1.36429
1.13983
0.81398
1.10939
1.24001
0.831757
0.961075
1.32751
1.14365
1.3884
2.2683
2.05276
1.55952
1.84479
1.69144
0.939484
0.912857
1.08788
0.697327
0.683365
0.942078
0.824127
0.613632
0.80513
0.853271
0.602264
0.732803
1.03584
0.749283
0.659256
1.02448
0.900192
0.769577
0.96489
0.896378
0.683365
0.834274
1.07773
0.87738
0.834274
1.16013
1.03966
0.798798
1.17279
1.28563
0.859604
0.939484
1.18805
0.936966
0.897675
1.2616
1.00037
0.777206
1.10939
1.23749
0.817795
0.926819
1.17279
0.873566
0.768356
0.97374
0.865936
0.618744
0.794983
0.808945
0.441208
0.489426
0.745544
0.508423
0.479279
0.668182
0.509644
0.337219
0.595932
0.671997
0.439911
0.550232
0.788651
0.619965
0.560379
0.812683
0.729065
0.621262
0.882416
0.958557
0.729065
0.962296
1.40358
0.996552
0.858383
1.26534
1.03844
0.774689
1.05232
1.09421
0.816498
0.938263
1.2793
1.03584
0.876083
1.22604
1.05873
0.815277
1.13098
1.2793
0.872345
1.00418
1.36047
1.00922
0.949631
1.38077
1.20705
0.944595
1.25397
1.30211
0.887527
1.10817
1.43021
0.999069
0.88623
1.22986
1.05614
0.841904
1.12587
1.13861
0.779724
0.887527
1.18172
0.89386
0.829163
1.12968
1.05492
0.840607
1.0714
1.17157
0.794983
0.873566
1.08658
0.815277
0.755692
1.05232
0.967407
0.767059
0.967407
1.05362
0.744247
0.855789
1.12083
0.878677
0.865936
1.27296
1.06758
0.760727
0.98259
1.07391
0.802536
0.882416
1.07391
0.779724
0.754395
1.05362
0.88623
0.690994
0.934448
1.02196
0.74295
0.855789
1.14365
0.864716
0.825424
1.3871
1.56586
1.40739
2.06543
2.31773
1.69777
1.61659
1.76239
1.10054
0.87738
1.12465
0.980072
0.753098
0.990219
1.0257
0.703659
0.826645
1.06125
0.829163
0.796204
1.17661
1.04858
0.846939
1.08788
1.16776
0.827942
0.978851
1.29456
0.915451
0.871048
1.39725
1.29196
0.940781
1.31355
1.36299
0.919189
1.09291
1.50879
1.17912
1.13731
1.60141
1.30852
0.980072
1.28822
1.41754
0.961075
1.0688
1.42509
1.09169
0.936966
1.35284
1.11702
0.857086
1.07643
1.08788
0.745544
0.831757
1.00166
0.772171
0.713806
0.959778
0.803833
0.609818
0.863419
0.96611
0.659256
0.753098
1.08658
0.794983
0.709991
0.988922
0.931931
0.729065
0.911636
0.935669
0.658035
0.783539
1.0511
0.801315
0.69603
1.0498
0.942078
0.726471
0.939484
1.0321
0.713806
0.821609
1.0714
0.778503
0.716324
1.06628
0.945816
0.722656
0.996552
1.03333
0.716324
0.825424
1.04599
0.793686
0.72525
1.06758
0.994034
0.772171
1.02196
1.1335
0.801315
0.898972
1.22353
0.871048
0.820312
1.10687
1.01555
0.811462
1.1348
1.23749
0.848236
0.949631
1.30211
0.969925
1.02951
1.62163
1.50375
1.11572
1.53923
1.6407
1.12587
1.3237
1.80168
1.30722
1.08276
1.68381
1.53038
1.10306
1.53671
1.78398
1.26915
1.41121
1.85875
1.3858
1.15631
1.67114
1.37314
0.987701
1.33255
1.44165
1.00548
1.1525
1.595
1.13983
0.959778
1.42639
1.26793
0.926819
1.2793
1.44287
1.02196
1.14746
1.54434
1.33003
1.45172
2.31018
2.29744
1.81442
1.90819
1.77505
1.008
0.930634
1.14616
0.891342
0.726471
0.988922
0.904007
0.723953
0.987701
1.10054
0.769577
0.853271
1.16394
0.862198
0.817795
1.24252
1.06628
0.755692
0.96611
1.09039
0.791168
0.917969
1.22353
0.921783
0.858383
1.25397
1.17409
0.87738
1.22734
1.44035
0.997849
1.13983
1.55952
1.17157
1.10939
1.66222
1.49109
1.00418
1.41624
1.53419
1.05995
1.20071
1.49864
1.0701
0.997849
1.39473
1.08276
0.758209
0.986404
1.03844
0.737915
0.811462
1.00166
0.782318
0.723953
1.03584
0.934448
0.715103
0.910339
0.939484
0.7341
0.770874
0.955963
0.716324
0.59967
0.88501
0.827942
0.595932
0.765762
0.843124
0.619965
0.677032
0.892563
0.716324
0.664368
0.967407
0.859604
0.673218
0.887527
0.98259
0.712509
0.782318
1.02066
0.845718
0.765762
1.07521
0.969925
0.778503
0.96489
1.03462
0.730286
0.800018
1.07643
0.845718
0.723953
1.04729
0.921783
0.694809
0.967407
1.14616
0.787354
0.853271
1.18042
0.896378
0.811462
1.0701
0.917969
0.6707
0.906525
1.11702
0.815277
0.862198
1.12206
0.907822
0.816498
1.15128
1.03462
0.821609
1.11069
1.2793
0.879898
0.858383
1.06758
0.784836
0.794983
1.22864
1.10435
0.850754
1.07262
1.19186
0.917969
1.01051
1.35796
1.01936
0.909042
1.37062
1.23749
0.912857
1.23497
1.33766
0.976257
0.981369
1.23749
0.931931
0.836792
1.15128
1.10817
0.872345
1.10435
1.19186
0.843124
0.901489
1.26663
0.991516
1.03081
1.74469
1.88538
1.79283
2.35329
2.36084
1.6153
1.31607
1.28693
0.854568
0.748062
0.942078
0.865936
0.655518
0.80513
0.924301
0.6707
0.755692
1.0067
0.849457
0.737915
0.953445
0.88501
0.722656
0.943298
1.01814
0.808945
0.887527
1.10817
0.925598
0.802536
1.01433
0.96489
0.794983
0.977554
1.06125
0.82283
0.929337
1.27426
0.971222
0.926819
1.33003
1.17531
0.898972
1.1982
1.33636
0.940781
1.08276
1.32118
1.03966
0.88501
1.25648
1.12968
0.783539
0.977554
1.01814
0.74173
0.824127
1.03966
0.793686
0.641556
0.810165
0.699844
0.526123
0.756912
0.87738
0.675812
0.765762
0.978851
0.764542
0.688477
0.934448
0.852051
0.632629
0.834274
0.863419
0.642776
0.713806
0.987701
0.774689
0.702438
1.008
0.967407
0.722656
0.905304
1.0321
0.772171
0.858383
1.0257
0.821609
0.763245
0.953445
0.853271
0.637741
0.855789
0.943298
0.735397
0.74173
0.897675
0.707474
0.669403
0.867233
0.770874
0.639038
0.83931
0.89386
0.693512
0.75058
0.944595
0.774689
0.690994
0.940781
0.90271
0.702438
0.89386
1.02699
0.783539
0.835571
1.10054
0.881195
0.800018
1.04599
0.978851
0.764542
0.977554
1.13983
0.912857
1.05743
1.37566
1.04218
0.975037
1.2413
1.14998
0.959778
1.38077
1.50124
1.09924
1.21971
1.56715
1.1982
1.10817
1.60515
1.50246
1.13602
1.47079
1.59378
1.13602
1.36299
1.86508
1.49742
1.23619
1.6407
1.55952
1.25778
1.66603
2.01981
1.90063
2.25693
2.55997
1.85875
1.44287
1.61789
1.40358
0.986404
1.16013
1.16898
0.881195
1.04218
1.32874
0.971222
0.883713
1.2603
1.17279
0.915451
1.12465
1.27174
0.930634
0.994034
1.30974
1.16394
1.01051
1.33636
1.1956
0.935669
1.1335
1.21971
0.943298
1.07643
1.37444
1.09673
0.985184
1.28563
1.27174
0.975037
1.31989
1.48849
1.01685
1.13098
1.56837
1.34018
1.11572
1.4695
1.33003
1.03584
1.43272
1.56464
1.08276
1.0321
1.2413
0.88623
0.858383
1.01814
0.858383
0.704956
0.890045
0.94841
0.690994
0.715103
0.892563
0.760727
0.697327
0.923004
0.915451
0.732803
0.897675
1.02066
0.853271
0.949631
1.12968
0.864716
0.749283
1.00418
1.03714
0.783539
0.971222
1.06377
0.781021
0.854568
1.0701
0.871048
0.878677
1.17279
1.07643
0.848236
1.01433
1.09169
0.811462
0.890045
1.12083
0.857086
0.835571
1.18042
1.04599
0.806351
1.01936
1.16264
0.879898
0.949631
1.12206
0.854568
0.774689
1.1132
1.04347
0.797501
1.01051
1.15883
0.838089
0.969925
1.32622
0.978851
0.860901
1.2616
1.1132
0.80513
0.962296
1.11832
0.864716
0.909042
1.2616
1.0321
0.854568
1.1982
1.12968
0.841904
1.17279
1.28563
0.904007
1.00166
1.34781
1.01181
0.882416
1.28059
1.21338
0.871048
1.13861
1.32622
0.910339
0.992737
1.31607
1.0321
0.867233
1.1779
1.10687
0.812683
1.0701
1.15128
0.801315
0.978851
1.71806
1.62926
1.55823
2.08824
1.85493
1.1956
1.34903
1.2616
0.783539
0.792389
1.03081
0.872345
0.7341
0.94841
0.888824
0.690994
0.938263
1.01936
0.739136
0.794983
1.05873
0.783539
0.628891
0.86853
0.869751
0.712509
0.917969
1.06125
0.794983
0.855789
1.18172
0.904007
0.74295
1.01814
0.981369
0.756912
0.94841
1.09421
0.798798
0.878677
1.29578
1.03714
0.919189
1.29707
1.22864
0.923004
1.23497
1.42769
0.901489
0.876083
1.07895
0.722656
0.521088
0.689697
0.618744
0.390472
0.576859
0.746765
0.494461
0.541382
0.840607
0.669403
0.606003
0.836792
0.787354
0.521088
0.769577
0.936966
0.693512
0.698624
0.928116
0.664368
0.576859
0.869751
0.890045
0.693512
0.912857
1.14113
0.829163
0.919189
1.37695
1.07391
0.911636
1.33255
1.2603
0.888824
1.15509
1.42769
0.977554
0.988922
1.37184
1.03081
0.933151
1.37062
1.2603
0.88623
1.11954
1.33766
0.980072
1.07521
1.4492
1.03081
0.874863
1.47331
1.33385
0.882416
1.24763
1.50497
0.977554
1.15509
1.595
1.13098
0.912857
1.37062
1.3237
0.882416
1.20956
1.4949
0.985184
1.14746
1.65588
1.16646
0.963593
1.4949
1.3047
0.950928
1.40739
1.62041
0.991516
1.10687
1.65718
1.23749
0.992737
1.53671
1.43784
1.00037
1.34521
1.53801
1.01181
0.942078
1.41121
1.10939
0.916672
1.35284
1.20705
0.835571
1.13983
1.34903
0.865936
0.990219
1.4492
1.09802
0.929337
1.38329
1.48598
1.259
1.93481
2.49657
1.96022
1.7878
2.00966
1.3224
0.882416
1.0511
0.915451
0.656738
0.860901
1.02448
0.75943
0.864716
1.28059
0.96489
0.763245
1.06247
0.990219
0.749283
0.952225
1.14494
0.82283
0.882416
1.15509
0.949631
0.811462
1.14494
1.09169
0.841904
1.13983
1.39595
0.98259
0.952225
1.35162
1.05362
0.98259
1.57982
1.52153
0.999069
1.33003
1.51642
1.00037
1.08658
1.64322
1.14616
0.888824
1.28311
1.22101
0.857086
1.16264
1.30089
0.800018
0.777206
0.968704
0.769577
0.549011
0.811462
0.803833
0.557861
0.697327
0.807648
0.580673
0.6073
0.826645
0.721436
0.636444
0.900192
0.82283
0.59967
0.810165
0.939484
0.64537
0.68718
0.992737
0.788651
0.654221
0.968704
0.950928
0.720139
0.939484
1.15379
0.835571
0.901489
1.24001
1.0067
0.883713
1.3224
1.23497
0.83046
1.06125
1.35162
0.945816
1.0067
1.36932
1.05995
0.90271
1.24512
1.20071
0.872345
1.14998
1.33514
0.895157
0.985184
1.39595
1.02951
0.916672
1.3858
1.37825
0.997849
1.4061
1.69518
1.10184
1.10306
1.57478
1.14616
0.906525
1.41624
1.32751
0.909042
1.16264
1.41624
0.940781
0.953445
1.3681
1.09543
0.909042
1.35666
1.30722
0.867233
1.10687
1.30211
0.915451
0.883713
1.15883
0.944595
0.777206
1.01303
0.980072
0.75943
0.949631
1.17027
0.844421
0.83931
1.1969
1.00166
0.882416
1.27426
1.15128
0.826645
1.25778
1.7878
1.55449
1.77254
2.26196
1.69144
1.12846
1.2413
0.983887
0.666885
0.83046
1.03462
0.782318
0.788651
1.0891
0.929337
0.786057
1.05614
1.12335
0.88501
1.09169
1.15128
0.796204
0.876083
1.16394
0.896378
0.762024
1.09039
1.13731
0.855789
1.07773
1.29326
0.953445
1.03462
1.43402
1.00922
0.83046
1.19942
1.22864
0.915451
1.18675
1.3427
0.920486
0.978851
1.41502
1.11702
0.963593
1.45683
1.55701
1.14235
1.48598
1.77383
1.32622
1.44669
1.86005
1.44287
1.23116
1.64574
1.46187
0.976257
1.24512
1.45554
1.05232
1.18927
1.56082
1.10435
0.909042
1.17279
1.12846
0.796204
0.900192
1.008
0.717621
0.713806
0.97374
0.83931
0.664368
0.934448
0.88501
0.649185
0.797501
0.895157
0.614929
0.627594
0.858383
0.680847
0.55275
0.800018
0.800018
0.516052
0.617447
0.751877
0.512238
0.529938
0.760727
0.644073
0.569305
0.81398
0.794983
0.561676
0.774689
0.959778
0.664368
0.7341
1.10558
0.962296
0.808945
1.02448
0.972443
0.732803
0.926819
1.13731
0.872345
0.879898
1.2793
0.98259
0.798798
1.17279
1.15379
0.832977
1.02318
1.18294
0.852051
0.904007
1.23749
0.995331
0.817795
1.1525
1.05232
0.739136
0.969925
1.1132
0.808945
0.881195
1.27548
1.04729
0.832977
1.09673
1.07521
0.80513
0.978851
1.18172
0.864716
0.891342
1.33888
1.04347
0.800018
1.06125
0.991516
0.739136
0.912857
1.02196
0.781021
0.82283
1.17157
1.01433
1.00166
1.7421
1.98685
1.71928
2.02362
1.97037
1.33255
1.0688
1.1145
0.826645
0.675812
0.901489
0.892563
0.675812
0.854568
0.996552
0.740433
0.781021
1.0257
0.786057
0.675812
1.05995
1.02699
0.748062
0.939484
1.17157
0.827942
0.844421
1.18294
0.962296
0.81398
1.17157
1.14998
0.82283
1.01555
1.3237
0.901489
0.912857
1.29074
1.0891
0.923004
1.35162
1.28944
0.920486
1.19308
1.48476
1.06628
1.10306
1.54686
1.23619
0.94841
1.28822
1.18675
0.784836
0.895157
0.983887
0.727768
0.764542
0.981369
0.807648
0.678329
0.968704
1.07895
0.698624
0.807648
0.959778
0.706177
0.754395
1.02699
0.859604
0.722656
1.05995
1.02196
0.703659
0.850754
1.01181
0.712509
0.708771
0.911636
0.701141
0.517273
0.835571
0.958557
0.692291
0.895157
1.18546
0.783539
0.779724
1.09802
0.905304
0.75058
1.07773
1.07643
0.775909
1.01051
1.24634
0.83046
0.86853
1.31607
1.0498
0.81398
1.18675
1.22482
0.825424
1.03966
1.35033
0.919189
0.992737
1.45554
1.06506
0.802536
1.16013
1.17027
0.82283
1.0714
1.36932
0.892563
0.882416
1.38458
1.02829
0.808945
1.24001
1.21971
0.825424
1.05492
1.32622
0.897675
0.900192
1.35666
1.08536
0.852051
1.28189
1.27174
0.855789
1.14616
1.5126
1.00288
0.963593
1.42258
1.09802
0.855789
1.29196
1.27426
0.836792
1.06628
1.29959
0.850754
0.890045
1.30592
1.02196
0.850754
1.31104
1.31226
0.81398
1.02318
1.25015
0.798798
0.779724
1.20071
1.14868
1.16142
2.08572
2.27974
1.66481
1.87904
2.08443
1.24886
0.991516
1.3884
0.985184
0.716324
1.05232
0.963593
0.6707
0.961075
1.20834
0.787354
0.777206
1.26534
1.02448
0.792389
1.15631
1.14868
0.792389
1.1322
1.48727
0.980072
0.907822
1.3871
1.0688
0.80513
1.16013
1.17531
0.840607
1.09924
1.39091
0.928116
0.950928
1.49994
1.16394
0.919189
1.39595
1.38458
0.895157
1.20834
1.5329
0.986404
0.940781
1.34521
1.07643
0.832977
1.17912
1.09421
0.703659
0.890045
1.09421
0.708771
0.694809
0.988922
0.801315
0.626297
0.925598
0.907822
0.603485
0.779724
0.997849
0.781021
0.796204
1.1335
0.871048
0.699844
1.04218
1.11832
0.801315
1.00418
1.21849
0.826645
0.858383
1.27678
1.05873
0.817795
1.18675
1.22986
0.831757
0.983887
1.24763
0.87738
0.881195
1.28822
1.0511
0.803833
1.17409
1.18423
0.82283
1.15509
1.41876
0.88501
0.840607
1.22101
1.01051
0.808945
1.10687
1.11198
0.773392
1.00037
1.28693
0.829163
0.854568
1.29837
1.0511
0.819092
1.20193
1.18546
0.756912
0.972443
1.28693
0.878677
0.815277
1.19308
0.95726
0.825424
1.2413
1.19186
0.762024
0.976257
1.3047
0.892563
0.855789
1.27296
1.06125
0.826645
1.24001
1.20071
0.745544
0.959778
1.25267
0.878677
0.855789
1.3047
1.01685
0.819092
1.12335
1.06758
0.727768
0.928116
1.17027
0.832977
0.796204
1.16524
0.935669
0.769577
1.42258
1.72058
1.38077
1.83464
2.04391
1.19057
0.936966
1.20956
0.867233
0.625076
0.936966
1.00288
0.668182
0.820312
1.0714
0.779724
0.774689
1.10306
0.952225
0.746765
1.06758
1.09543
0.784836
0.953445
1.14868
0.792389
0.815277
1.27678
1.03462
0.781021
1.19438
1.18927
0.821609
1.0701
1.42387
0.914154
0.89386
1.38329
1.14494
0.920486
1.34903
1.37695
0.936966
1.26411
1.63177
1.14365
1.12465
1.56586
1.1779
0.864716
1.23871
1.21468
0.817795
0.95726
1.14616
0.782318
0.715103
1.01555
0.834274
0.675812
0.978851
1.01181
0.6707
0.812683
1.06377
0.715103
0.709991
0.987701
0.812683
0.654221
0.96489
0.985184
0.650406
0.843124
1.05743
0.736618
0.694809
1.0257
0.844421
0.74295
1.19942
1.1779
0.770874
0.924301
1.24634
0.840607
0.824127
1.18546
1.02066
0.840607
1.25015
1.26534
0.878677
1.05362
1.30852
0.936966
0.924301
1.3047
0.978851
0.808945
1.22353
1.23367
0.788651
0.942078
1.25267
0.88501
0.910339
1.35414
1.11702
0.876083
1.15761
1.13861
0.83931
1.01433
1.17279
0.802536
0.796204
1.15883
0.967407
0.791168
1.10687
1.10817
0.825424
1.04477
1.22223
0.783539
0.760727
1.10054
0.905304
0.730286
1.03844
1.05995
0.722656
0.945816
1.37314
0.904007
0.832977
1.18042
0.94841
0.754395
1.0714
1.1335
0.791168
0.929337
1.15509
0.829163
0.857086
1.22734
0.955963
0.677032
0.981369
1.12335
0.777206
0.904007
1.27678
1.06125
1.31485
2.3114
2.23152
1.59248
1.94626
1.76239
0.950928
0.947113
1.0714
0.75058
0.74295
1.05873
0.896378
0.675812
0.971222
1.04477
0.775909
0.90271
1.10687
0.807648
0.81398
1.22734
0.963593
0.694809
0.990219
0.999069
0.637741
0.774689
1.02196
0.765762
0.756912
1.15128
0.962296
0.751877
1.21208
1.27426
0.811462
1.07391
1.49994
1.03714
1.04729
1.51138
1.18423
0.897675
1.38199
1.41624
0.887527
1.12335
1.49231
0.997849
0.929337
1.3224
1.08536
0.863419
1.19057
1.18675
0.784836
0.96611
1.27045
0.849457
0.800018
1.12846
0.923004
0.699844
0.999069
1.04858
0.753098
0.96489
1.34148
0.935669
0.855789
1.17157
0.938263
0.735397
1.13098
1.20834
0.81398
1.01433
1.36047
0.87738
0.836792
1.3427
1.12206
0.840607
1.2413
1.27426
0.846939
1.04858
1.39214
0.931931
0.871048
1.35918
1.11702
0.874863
1.29959
1.28563
0.793686
0.954742
1.31355
0.950928
0.890045
1.25397
1.00548
0.788651
1.18172
1.26534
0.816498
0.975037
1.2793
0.871048
0.849457
1.41876
1.09291
0.80513
1.19186
1.30211
0.872345
1.09673
1.48598
1.02196
0.96611
1.45935
1.15509
0.846939
1.28693
1.3047
0.827942
1.04599
1.40862
0.926819
0.90271
1.36932
1.14113
0.891342
1.38329
1.47202
0.890045
1.05614
1.41373
0.928116
0.872345
1.23116
0.987701
0.735397
1.09802
1.22864
0.811462
0.995331
1.3884
0.967407
0.843124
1.16646
1.07643
0.896378
1.4505
1.74591
1.35796
1.97792
2.50038
1.7244
1.34399
1.64703
1.0891
0.694809
0.975037
1.03714
0.678329
0.827942
1.08658
0.772171
0.730286
1.07391
0.900192
0.673218
0.995331
1.07262
0.722656
0.874863
1.10184
0.783539
0.786057
1.16394
0.954742
0.732803
1.13602
1.23238
0.796204
0.958557
1.27296
0.855789
0.858383
1.43272
1.20956
0.848236
1.24634
1.34521
0.854568
1.17531
1.58234
1.08788
1.02066
1.56334
1.25648
0.897675
1.28693
1.24001
0.789871
0.920486
1.1969
0.739136
0.647888
1.03844
0.863419
0.59082
0.83046
0.879898
0.576859
0.720139
1.00037
0.729065
0.627594
0.933151
0.792389
0.538864
0.834274
0.936966
0.625076
0.737915
0.963593
0.692291
0.631409
0.975037
0.857086
0.682144
1.04599
1.09291
0.694809
0.836792
1.19438
0.820312
0.792389
1.24886
1.03714
0.770874
1.13602
1.23367
0.81398
0.978851
1.35796
0.929337
0.872345
1.42387
1.15379
0.849457
1.25648
1.37314
0.923004
1.14365
1.62674
1.13983
1.02829
1.53801
1.25267
0.907822
1.4315
1.54938
1.01555
1.26915
1.6787
1.11702
1.04095
1.59126
1.3884
0.962296
1.44798
1.58997
1.04095
1.26663
1.76117
1.19438
1.11069
1.63818
1.40228
1.05492
1.48727
1.5126
0.994034
1.27678
1.71677
1.259
1.12083
1.62674
1.30852
0.933151
1.41624
1.51512
0.950928
1.1348
1.55571
1.04729
0.976257
1.4315
1.17409
0.848236
1.1969
1.39214
0.890045
1.06247
1.42769
0.963593
0.961075
1.77505
1.83975
1.56334
2.10472
1.94374
1.0067
0.940781
1.15883
0.782318
0.702438
1.05232
0.924301
0.72525
0.967407
1.02951
0.731583
0.865936
1.16013
0.821609
0.786057
1.16524
0.986404
0.736618
0.996552
1.07521
0.762024
0.916672
1.21468
0.838089
0.781021
1.22604
0.988922
0.716324
1.01555
1.18172
0.800018
0.971222
1.36177
0.944595
0.864716
1.38329
1.15761
0.88501
1.42891
1.57219
0.996552
1.16524
1.50246
0.990219
0.849457
1.22482
0.972443
0.64537
0.846939
0.843124
0.50209
0.603485
0.816498
0.475464
0.40947
0.723953
0.587006
0.373993
0.628891
0.66185
0.389252
0.532532
0.787354
0.531235
0.40947
0.744247
0.669403
0.485611
0.735397
0.803833
0.470352
0.640259
0.855789
0.588303
0.565491
0.887527
0.735397
0.545197
0.812683
0.83931
0.528717
0.690994
0.925598
0.579376
0.485611
0.758209
0.651703
0.443726
0.732803
0.788651
0.486832
0.642776
0.90271
0.664368
0.641556
0.909042
0.718918
0.484314
0.713806
0.794983
0.486832
0.640259
0.849457
0.564194
0.480499
0.787354
0.637741
0.38414
0.651703
0.72525
0.44754
0.633926
0.82283
0.531235
0.439911
0.72525
0.650406
0.474167
0.769577
0.836792
0.498276
0.612411
0.852051
0.630112
0.578156
0.914154
0.824127
0.632629
0.909042
1.01555
0.649185
0.760727
1.0688
0.775909
0.729065
1.10939
0.97374
0.715103
0.988922
0.988922
0.722656
0.954742
1.31104
0.895157
0.853271
1.35666
1.11069
0.810165
1.20193
1.39473
0.930634
1.32622
2.07558
1.87904
1.95129
2.45087
2.02744
1.31355
1.58112
1.53801
0.87738
1.00288
1.40991
0.953445
0.83046
1.32118
1.17027
0.825424
1.1982
1.31104
0.878677
1.03462
1.36299
0.926819
0.845718
1.35414
1.12968
0.777206
1.1525
1.24763
0.810165
0.97374
1.42769
0.98259
0.858383
1.43272
1.28441
0.911636
1.41121
1.60896
1.03462
1.27808
1.68762
1.1956
1.12717
1.75102
1.60774
1.11198
1.54556
1.69266
1.04218
1.12846
1.49994
0.992737
0.844421
1.25778
1.03966
0.744247
1.03966
1.15509
0.729065
0.826645
1.20575
0.892563
0.829163
1.30211
1.13983
0.829163
1.19942
1.41373
0.944595
1.13861
1.56082
1.03584
1.03081
1.63818
1.30592
0.906525
1.35414
1.54938
0.96489
1.16142
1.64574
1.16898
1.01181
1.52908
1.30089
0.920486
1.35162
1.58112
1.00037
1.19308
1.62422
1.10306
1.00166
1.52023
1.28693
0.882416
1.26793
1.45683
0.945816
1.13731
1.66481
1.19057
1.0498
1.66351
1.45302
0.987701
1.52023
1.67618
1.01303
1.24512
1.74591
1.1956
1.07895
1.67114
1.40488
0.926819
1.34399
1.49109
0.876083
0.999069
1.3858
0.858383
0.753098
1.21971
1.02318
0.730286
1.1335
1.27296
0.791168
0.992737
1.47964
0.983887
0.863419
1.41624
1.15631
0.791168
1.25015
1.39725
0.83046
1.01555
1.56204
1.02829
0.865936
1.43021
1.22353
0.811462
1.15509
1.259
0.735397
0.864716
1.27296
0.857086
0.755692
1.35284
1.43906
1.19308
2.07054
2.40654
1.65085
1.65588
1.94115
1.11832
0.792389
1.16264
0.990219
0.656738
0.938263
1.09543
0.68718
0.760727
1.10558
0.788651
0.675812
1.07262
0.940781
0.67955
0.994034
1.06125
0.693512
0.858383
1.27174
0.812683
0.669403
1.0714
0.955963
0.694809
1.05614
1.24252
0.762024
0.95726
1.49231
1.0067
0.895157
1.50124
1.2616
0.869751
1.38329
1.64322
0.983887
1.23871
1.82579
1.29578
1.20323
1.89682
1.56715
0.991516
1.5519
1.7878
1.03966
1.11702
1.71165
1.12335
0.919189
1.44539
1.14113
0.749283
1.14365
1.37314
0.826645
0.977554
1.4695
0.96611
0.802536
1.26915
1.04729
0.663071
1.00288
1.17661
0.72525
0.865936
1.29707
0.860901
0.773392
1.26411
1.13731
0.75943
1.11198
1.28059
0.744247
0.793686
1.03333
0.673218
0.597153
1.0321
0.89386
0.571823
0.931931
1.18172
0.698624
0.806351
1.259
0.906525
0.783539
1.325
1.14365
0.829163
1.30852
1.5976
1.01555
1.27678
1.81564
1.20834
1.10306
1.90445
1.68251
1.09924
1.69647
1.81816
1.04095
1.22604
1.82076
1.26411
1.08025
1.81442
1.6394
1.01051
1.55319
1.82831
1.1525
1.38199
1.89171
1.31104
1.08154
1.69266
1.51894
0.968704
1.37947
1.58363
0.944595
1.10306
1.64192
1.17279
1.01051
1.59126
1.27426
0.832977
1.26663
1.4061
0.835571
0.911636
1.36429
1.01936
1.16394
2.13013
2.01981
1.45554
1.82327
1.73706
0.888824
0.900192
1.33385
0.904007
0.707474
1.04599
0.95726
0.677032
0.995331
1.16776
0.74295
0.859604
1.22604
0.860901
0.775909
1.30852
1.11702
0.68718
1.01685
1.22604
0.744247
0.846939
1.28311
0.933151
0.807648
1.36177
1.16264
0.784836
1.16142
1.22223
0.697327
0.786057
1.09924
0.767059
0.655518
1.07262
0.947113
0.6707
0.96611
1.05614
0.647888
0.793686
1.16264
0.744247
0.551529
0.88501
0.789871
0.457687
0.682144
0.765762
0.39299
0.460205
0.789871
0.537567
0.413284
0.737915
0.677032
0.396805
0.680847
0.834274
0.53627
0.633926
0.929337
0.636444
0.499496
0.871048
0.784836
0.474167
0.721436
0.807648
0.476685
0.603485
0.900192
0.656738
0.561676
0.938263
0.890045
0.589523
0.859604
1.08658
0.693512
0.798798
1.23749
0.88501
0.712509
1.12968
1.11572
0.781021
1.07895
1.28822
0.777206
0.900192
1.56464
1.06506
0.897675
1.48979
1.29456
0.817795
1.25526
1.49612
0.895157
0.991516
1.50627
1.04599
0.853271
1.39847
1.28189
0.843124
1.31989
1.55571
0.954742
1.11832
1.64192
1.09039
0.943298
1.63437
1.45172
0.954742
1.48476
1.77002
1.1145
1.22734
1.86386
1.36932
1.01685
1.54305
1.31355
0.86853
1.29326
1.47583
0.843124
0.926819
1.41754
0.999069
0.802536
1.27174
1.11198
0.713806
0.988922
1.29074
0.812683
0.887527
1.30722
0.924301
0.955963
1.93611
2.08702
1.56967
1.95259
1.98807
1.05492
0.926819
1.14113
0.765762
0.64537
1.06125
0.945816
0.64537
0.940781
1.10306
0.727768
0.883713
1.3884
0.995331
0.763245
1.20834
1.12846
0.748062
1.11198
1.31485
0.816498
0.912857
1.45935
1.03081
0.864716
1.36551
1.24886
0.835571
1.22223
1.51138
0.991516
1.0891
1.57478
1.14868
0.949631
1.53801
1.40488
0.898972
1.28441
1.5139
0.976257
1.16646
1.64452
1.13098
0.916672
1.29456
1.0257
0.6073
0.806351
0.953445
0.636444
0.622559
0.857086
0.532532
0.365143
0.644073
0.574341
0.348663
0.636444
0.753098
0.493164
0.576859
0.838089
0.606003
0.529938
0.901489
0.841904
0.571823
0.907822
1.06125
0.64537
0.717621
1.07391
0.82283
0.697327
1.1132
1.08154
0.746765
0.976257
1.14113
0.689697
0.756912
1.14616
0.834274
0.680847
1.02318
0.947113
0.626297
0.878677
0.986404
0.626297
0.692291
1.01936
0.794983
0.711288
1.1335
1.07521
0.748062
1.11572
1.35162
0.865936
0.888824
1.20453
0.863419
0.792389
1.26411
1.10435
0.781021
1.11832
1.34903
0.862198
0.931931
1.47331
1.09169
0.917969
1.47202
1.259
0.859604
1.33636
1.55571
0.904007
1.01051
1.48979
1.09039
0.934448
1.49864
1.34903
0.882416
1.28693
1.54686
0.887527
0.921783
1.3858
1.01555
0.840607
1.42769
1.34521
0.864716
1.17279
1.41373
0.895157
1.0067
1.5329
1.11572
0.953445
1.67747
1.79916
1.57097
2.23785
2.41539
1.57982
1.37566
1.63559
0.991516
0.727768
1.09924
1.008
0.656738
0.906525
1.10184
0.731583
0.801315
1.12083
0.786057
0.628891
0.983887
0.972443
0.66185
0.815277
0.952225
0.704956
0.831757
1.1525
0.852051
0.677032
1.03333
1.01181
0.709991
1.01685
1.18675
0.72525
0.816498
1.19942
0.933151
0.843124
1.38962
1.33133
0.914154
1.34521
1.5976
1.05743
1.27045
1.83723
1.21468
0.883713
1.36932
1.25015
0.836792
1.1348
1.27678
0.793686
0.83931
1.12846
0.808945
0.697327
1.06506
0.999069
0.735397
0.96611
1.0688
0.712509
0.782318
1.18042
0.952225
0.876083
1.1335
0.95726
0.707474
1.04218
1.22223
0.796204
0.815277
1.22734
0.897675
0.720139
1.1525
1.08154
0.707474
0.981369
1.22604
0.80513
0.890045
1.24512
0.820312
0.704956
1.10939
1.06247
0.721436
0.969925
1.17027
0.748062
0.803833
1.15883
0.862198
0.690994
1.07521
1.0688
0.751877
1.00418
1.23238
0.801315
0.87738
1.29578
0.895157
0.74295
1.17157
1.09924
0.671997
0.924301
1.1322
0.74173
0.739136
1.03966
0.792389
0.654221
0.999069
0.959778
0.652924
0.873566
1.10817
0.739136
0.789871
1.13983
0.787354
0.621262
1.02066
1.02699
0.732803
0.907822
1.06506
0.69603
0.755692
1.1132
0.846939
0.685883
0.97374
0.926819
0.654221
0.931931
1.12335
0.72525
0.798798
1.29074
1.01685
0.915451
1.82709
1.95511
1.45683
1.71295
1.81313
1.01555
0.930634
1.16646
0.821609
0.619965
0.968704
0.972443
0.649185
0.855789
1.07521
0.74173
0.812683
1.2616
0.923004
0.722656
1.08658
1.05492
0.792389
1.13731
1.21208
0.75943
0.810165
1.13861
0.919189
0.781021
1.21468
1.1956
0.791168
1.0511
1.31226
0.873566
0.981369
1.61789
1.1145
0.854568
1.39473
1.39343
0.925598
1.18294
1.51009
0.971222
1.09039
1.62422
1.08788
0.80513
1.19308
1.1322
0.737915
0.945816
1.12206
0.749283
0.777206
1.0498
0.802536
0.628891
0.950928
0.907822
0.6073
0.855789
1.06247
0.729065
0.767059
1.11572
0.831757
0.718918
1.13861
1.0688
0.707474
0.940781
1.15509
0.762024
0.83931
1.29578
0.954742
0.749283
1.17279
1.11198
0.713806
0.958557
1.26411
0.871048
0.88623
1.40739
1.11069
0.83931
1.2159
1.12846
0.801315
1.0701
1.38329
0.850754
0.882416
1.39214
1.05873
0.824127
1.27174
1.26793
0.835571
1.16898
1.38962
0.924301
0.97374
1.42006
1.03966
0.853271
1.35284
1.325
0.872345
1.1779
1.50124
0.96489
1.07521
1.55449
1.07521
0.844421
1.36177
1.37825
0.919189
1.1982
1.44417
0.931931
1.0257
1.62422
1.19942
0.895157
1.35162
1.29959
0.840607
1.07895
1.40228
1.00548
1.09291
1.5329
1.12465
0.882416
1.33766
1.30211
0.858383
1.11702
1.43524
0.925598
0.945816
1.36932
1.01181
0.782318
1.15509
1.13731
0.735397
0.96489
1.30211
0.911636
0.901489
1.32874
1.17409
1.22223
2.11746
2.19093
1.51512
1.73828
1.84105
1.03714
0.86853
1.1335
0.859604
0.642776
0.961075
0.917969
0.608597
0.815277
1.02318
0.713806
0.746765
1.12846
0.912857
0.720139
1.16394
1.07643
0.67955
0.881195
1.05743
0.745544
0.75058
1.17531
0.949631
0.729065
1.10184
1.1145
0.767059
0.994034
1.3047
0.919189
0.935669
1.44417
1.06125
0.872345
1.325
1.29326
0.89386
1.23619
1.62163
1.04729
1.03966
1.58363
1.10184
0.821609
1.22353
1.24886
0.824127
1.01685
1.18172
0.753098
0.74295
1.11572
0.820312
0.609818
0.926819
0.96611
0.64537
0.854568
1.08536
0.769577
0.829163
1.22604
0.976257
0.798798
1.16898
1.15631
0.72525
0.97374
1.24886
0.810165
0.864716
1.38329
1.03584
0.7341
1.18805
1.11198
0.75058
0.955963
1.18675
0.803833
0.88623
1.33255
1.00548
0.767059
1.1956
1.18423
0.75058
0.955963
1.21971
0.816498
0.816498
1.25397
0.879898
0.650406
0.990219
0.990219
0.666885
0.901489
1.18294
0.74295
0.749283
1.1335
0.909042
0.702438
1.00548
0.95726
0.622559
0.821609
1.01181
0.709991
0.732803
1.18172
0.942078
0.646591
1.01685
1.0321
0.699844
0.905304
1.17912
0.787354
0.840607
1.36681
1.03714
0.821609
1.35284
1.25145
0.793686
1.10817
1.54434
1.02196
1.05614
1.5519
1.18805
0.892563
1.3871
1.42258
0.906525
1.23619
1.60263
1.03844
1.00922
1.52405
1.10558
0.844421
1.35796
1.39977
0.88501
1.13861
1.47713
0.940781
0.923004
1.41876
1.08536
0.821609
1.34781
1.48476
1.09039
1.7218
2.40021
1.91582
1.65718
1.91963
1.33888
0.88501
1.27296
1.24634
0.807648
1.03081
1.34651
0.860901
0.89386
1.40991
1.12465
0.835571
1.2603
1.33636
0.897675
1.25648
1.57097
0.955963
0.969925
1.5316
1.34148
0.990219
1.43021
1.45813
0.935669
1.29959
1.64574
1.07521
1.07895
1.68503
1.34521
0.98259
1.53671
1.55701
0.978851
1.259
1.68884
1.12587
1.19308
1.83342
1.38962
0.985184
1.58745
1.61026
0.987701
1.17027
1.41243
0.895157
0.850754
1.25778
0.900192
0.694809
1.09169
1.09169
0.67955
0.882416
1.15631
0.74295
0.7341
1.11832
0.840607
0.627594
0.971222
0.994034
0.633926
0.853271
1.20705
0.764542
0.768356
1.3224
1.03081
0.758209
1.12083
1.06377
0.619965
0.770874
1.02318
0.664368
0.66185
1.00922
0.777206
0.557861
0.958557
1.00288
0.61615
0.796204
1.01303
0.689697
0.709991
1.15128
0.879898
0.683365
1.08406
1.0511
0.66185
0.907822
1.27426
0.850754
0.869751
1.47835
1.16142
0.797501
1.20705
1.19942
0.758209
1.08276
1.45683
0.898972
0.821609
1.20453
0.86853
0.646591
0.996552
1.03462
0.72525
0.971222
1.24252
0.838089
0.857086
1.34903
1.01555
0.726471
1.26411
1.31104
0.756912
0.897675
1.13602
0.767059
0.781021
1.20193
1.02699
0.782318
1.30211
1.35918
0.815277
1.04599
1.44287
0.934448
0.905304
1.41373
1.10184
0.798798
1.21338
1.27296
0.810165
1.11832
1.47202
0.907822
0.88501
1.47079
1.18423
0.905304
1.80428
2.17323
1.5773
1.90697
2.13646
1.18927
0.925598
1.29707
0.949631
0.649185
1.0257
1.07773
0.683365
0.869751
1.14868
0.798798
0.778503
1.30089
1.0891
0.806351
1.24001
1.33766
0.897675
1.22482
1.58745
0.978851
1.01181
1.62292
1.30722
0.930634
1.39595
1.41121
0.864716
1.1525
1.60011
1.10054
1.09039
1.74591
1.45172
1.008
1.55067
1.61278
1.03714
1.46187
1.82961
1.23749
1.1779
1.74339
1.27548
0.848236
1.33255
1.34399
0.796204
0.928116
1.24252
0.838089
0.773392
1.17279
0.933151
0.650406
0.947113
0.963593
0.617447
0.748062
0.968704
0.669403
0.669403
1.0321
0.751877
0.53627
0.949631
0.981369
0.617447
0.826645
1.10435
0.754395
0.707474
1.15379
0.96611
0.702438
1.06377
1.09543
0.731583
0.931931
1.21971
0.810165
0.789871
1.25267
1.01936
0.745544
1.15509
1.27678
0.831757
1.0511
1.40991
0.94841
0.930634
1.44798
1.09924
0.754395
1.17157
1.27426
0.781021
1.01051
1.34521
0.863419
0.849457
1.39847
1.08025
0.770874
1.21849
1.28311
0.800018
1.00418
1.36551
0.850754
0.858383
1.39595
1.07773
0.783539
1.24512
1.28441
0.812683
1.02318
1.33003
0.824127
0.808945
1.30974
1.04858
0.744247
1.05995
1.11198
0.703659
0.883713
1.28441
0.83931
0.787354
1.15761
0.934448
0.717621
1.09802
1.11198
0.707474
0.892563
1.18042
0.802536
0.749283
1.09924
0.867233
0.663071
1.01051
1.03462
0.664368
0.846939
1.12206
0.745544
0.718918
1.02318
0.862198
0.652924
0.955963
1.06247
0.720139
0.900192
1.22353
0.832977
0.980072
1.98051
1.94374
1.53542
1.85875
1.5963
0.812683
0.879898
1.07391
0.698624
0.647888
1.02196
0.876083
0.619965
0.980072
1.0701
0.688477
0.841904
1.16898
0.798798
0.74173
1.20956
1.04599
0.788651
1.15761
1.17157
0.762024
0.958557
1.3884
0.934448
0.867233
1.34781
1.09924
0.83046
1.31226
1.3884
0.835571
1.00288
1.325
0.925598
0.892563
1.41502
1.23497
0.89386
1.30974
1.35666
0.867233
1.10558
1.50375
0.975037
0.898972
1.30341
1.03584
0.744247
1.06377
1.02829
0.627594
0.777206
1.04095
0.684662
0.630112
0.98259
0.791168
0.600967
0.917969
0.983887
0.663071
0.854568
1.19057
0.784836
0.755692
1.1982
0.919189
0.675812
1.09169
1.25648
0.760727
0.938263
1.30852
0.86853
0.859604
1.38458
1.0714
0.786057
1.25015
1.30211
0.815277
1.06628
1.45302
0.910339
0.825424
1.2616
1.02829
0.720139
1.10939
1.2413
0.75058
0.972443
1.44287
0.909042
0.808945
1.24634
1.00548
0.708771
1.21086
1.25267
0.748062
0.883713
1.27548
0.846939
0.751877
1.21208
0.992737
0.684662
0.990219
1.04599
0.713806
0.90271
1.26915
0.852051
0.777206
1.20323
0.940781
0.654221
1.01936
1.15761
0.812683
0.98259
1.27045
0.815277
0.803833
1.28189
0.990219
0.680847
1.04858
1.19057
0.75943
0.945816
1.37825
0.920486
0.90271
1.39847
1.10817
0.778503
1.10939
1.29837
0.781021
0.940781
1.36177
0.874863
0.827942
1.35162
1.10306
0.762024
1.14113
1.24512
0.763245
0.940781
1.35162
0.920486
0.843124
1.43906
1.1982
0.832977
1.33003
1.68381
1.25526
1.74469
2.22137
1.5316
1.14616
1.44669
0.980072
0.650406
1.08025
1.27426
0.774689
0.89386
1.23116
0.826645
0.788651
1.23749
1.02448
0.754395
1.16776
1.29959
0.781021
0.943298
1.37062
0.797501
0.704956
1.16898
0.895157
0.632629
0.992737
1.08406
0.75058
0.926819
1.37825
0.901489
0.834274
1.41754
1.1982
0.876083
1.38329
1.52023
0.953445
1.25015
1.71928
1.09802
1.01303
1.74973
1.49231
0.967407
1.46446
1.5519
0.914154
1.08276
1.47835
0.952225
0.881195
1.46187
1.1335
0.782318
1.18423
1.18042
0.740433
0.962296
1.33133
0.900192
0.852051
1.42136
1.22986
0.836792
1.40106
1.51894
0.852051
1.12587
1.65085
0.991516
0.905304
1.53542
1.22353
0.772171
1.1969
1.28693
0.764542
0.959778
1.37444
0.87738
0.869751
1.42639
1.13602
0.796204
1.15883
1.2616
0.751877
0.934448
1.3427
0.832977
0.751877
1.28311
1.07262
0.737915
1.13602
1.23871
0.692291
0.871048
1.27548
0.770874
0.665665
1.21468
1.04729
0.666885
1.1132
1.28441
0.762024
0.896378
1.35918
0.844421
0.765762
1.37947
1.07391
0.739136
1.16394
1.27678
0.762024
0.934448
1.44035
0.904007
0.788651
1.36932
1.08788
0.689697
1.02829
1.16142
0.697327
0.890045
1.34399
0.857086
0.720139
1.11069
0.935669
0.622559
0.980072
1.10054
0.704956
0.907822
1.38458
0.915451
0.808945
1.33514
1.17027
0.925598
1.68762
1.97289
1.20071
1.4061
1.72813
0.906525
0.801315
1.21971
1.00166
0.703659
1.09924
1.21338
0.749283
0.853271
1.26915
0.800018
0.68718
1.21971
1.07391
0.727768
1.06506
1.1969
0.674515
0.788651
1.16524
0.764542
0.720139
1.27678
1.07895
0.770874
1.33766
1.52153
0.917969
1.19308
1.80679
1.24512
1.05492
1.75354
1.48094
0.949631
1.59882
1.7244
0.992737
1.21971
1.79283
1.22986
1.00288
1.63307
1.34148
0.879898
1.36681
1.49612
0.860901
0.980072
1.38329
0.882416
0.75943
1.22353
0.983887
0.622559
0.981369
1.10184
0.671997
0.777206
1.14616
0.811462
0.739136
1.18294
0.954742
0.613632
0.999069
1.15883
0.666885
0.827942
1.31989
0.88623
0.762024
1.18805
1.03333
0.682144
0.971222
1.1335
0.729065
0.898972
1.16394
0.748062
0.675812
1.18294
1.03966
0.649185
0.961075
1.16264
0.74173
0.871048
1.26663
0.829163
0.712509
1.15379
0.949631
0.682144
1.00418
1.13861
0.713806
0.863419
1.17661
0.751877
0.675812
1.10184
0.934448
0.684662
1.06125
1.16013
0.677032
0.796204
1.17912
0.891342
0.816498
1.33385
1.07773
0.746765
1.23619
1.33003
0.740433
0.887527
1.35162
0.871048
0.707474
1.22864
1.09543
0.796204
1.08536
1.15128
0.756912
0.887527
1.24886
0.803833
0.668182
1.06247
0.907822
0.583191
0.906525
1.06125
0.656738
0.756912
1.05995
0.716324
0.622559
1.0511
0.888824
0.576859
1.008
1.33888
0.917969
1.35536
2.07809
1.38962
1.01936
1.57852
1.09924
0.551529
0.812683
0.90271
0.514755
0.608597
0.907822
0.625076
0.545197
0.933151
0.834274
0.583191
0.955963
1.13731
0.694809
0.831757
1.25526
0.855789
0.770874
1.35284
1.12335
0.774689
1.24886
1.55319
0.934448
1.14998
1.65718
1.08406
0.938263
1.55823
1.40228
0.914154
1.31989
1.51009
0.909042
1.04347
1.56082
1.07773
0.896378
1.4949
1.27808
0.801315
1.15883
1.33888
0.786057
0.854568
1.14998
0.749283
0.673218
1.08788
0.916672
0.618744
0.896378
0.980072
0.532532
0.668182
1.01181
0.677032
0.565491
1.00418
0.888824
0.59082
0.878677
0.987701
0.583191
0
0
