4407
3.01262
3.25478
2.68547
2.80716
3.14957
2.98721
2.82745
3.05321
2.97707
2.50793
2.81479
3.0278
2.54852
2.57133
2.95677
2.46231
2.19093
2.92007
2.75902
1.9957
2.26196
2.45216
2.11487
2.41287
2.95555
2.57133
2.29111
2.92511
2.97455
2.5029
2.88834
3.02528
2.65884
2.72987
3.00117
2.65633
2.18086
2.46101
2.16812
1.60263
1.88667
2.15675
1.56334
1.38329
1.54686
1.08536
0.841904
1.21338
1.17661
0.859604
1.28311
1.7244
1.23749
1.34651
1.77765
1.36177
1.18805
1.84608
1.58745
0.977554
1.3884
1.61026
1.06247
1.19308
1.69014
1.26411
1.0511
1.69518
1.65337
1.20956
1.52908
1.80046
1.20956
1.20453
1.89049
1.7878
1.74469
2.69814
2.77168
1.98807
2.05658
1.79031
0.898972
0.846939
1.43784
1.29074
1.17409
1.99188
2.04391
1.58363
1.85623
1.97922
1.46446
1.53542
2.06421
1.69266
1.50375
2.09969
2.01729
1.58867
2.11365
2.44713
1.8512
1.93108
2.40776
2.03117
1.76117
2.27722
2.29622
1.7218
2.19353
2.584
2.06161
2.07436
2.72095
2.3951
2.17827
2.73872
2.54601
1.90186
2.12761
2.25815
1.71425
1.7244
2.24045
1.70792
1.38077
1.93993
1.76369
1.26411
1.61789
1.82457
1.16898
1.10054
1.49994
1.05232
0.769577
1.07262
1.02448
0.716324
0.854568
0.959778
0.721436
0.811462
1.19186
0.942078
0.791168
1.26411
1.20956
0.831757
1.02196
1.33385
0.978851
1.01555
1.48979
1.1525
0.911636
1.38962
1.30592
0.906525
1.24634
1.47202
0.967407
0.991516
1.50757
1.22734
1.01555
1.59378
1.54434
0.992737
1.29074
1.4695
0.959778
0.925598
1.33003
1.03462
0.826645
1.15883
1.12846
0.796204
1.00548
1.24252
0.791168
0.731583
0.975037
0.717621
0.564194
0.90271
1.02066
0.924301
1.36047
1.48094
0.820312
0.569305
0.651703
0.443726
0.389252
0.775909
0.863419
0.617447
0.793686
0.952225
0.640259
0.689697
1.00166
0.838089
0.72525
1.1145
1.10184
0.773392
0.967407
1.18294
0.802536
0.82283
1.08788
0.844421
0.749283
1.1335
1.1335
0.829163
1.09673
1.28311
0.895157
1.03966
1.5963
1.18042
0.919189
1.2603
1.1335
0.835571
1.15883
1.4949
1.00922
1.03844
1.48727
1.05614
0.83931
1.30089
1.1969
0.753098
1.02196
1.16394
0.784836
0.763245
0.995331
0.772171
0.617447
0.911636
0.912857
0.668182
0.873566
1.09291
0.774689
0.806351
1.24763
0.897675
0.706177
1.14746
1.12465
0.760727
0.930634
1.06247
0.768356
0.860901
1.14235
0.931931
0.786057
1.11572
1.10687
0.824127
1.0688
1.23116
0.83046
0.86853
1.2603
1.01433
0.86853
1.31355
1.21971
0.774689
1.0067
1.30592
0.834274
0.760727
1.09421
0.930634
0.831757
1.24886
1.24634
0.867233
1.05362
1.22864
0.834274
0.907822
1.37566
0.992737
0.697327
0.938263
0.911636
0.697327
1.11572
1.72562
1.42387
1.43906
1.7662
1.09039
0.632629
0.794983
0.844421
0.652924
0.879898
1.05873
0.788651
0.857086
1.22734
0.874863
0.731583
1.07895
1.01555
0.712509
0.891342
1.09924
0.740433
0.811462
1.17279
0.897675
0.75943
1.09802
1.08276
0.736618
1.00037
1.29707
0.848236
0.859604
1.29326
1.03584
0.901489
1.42509
1.45683
1.01555
1.27808
1.45683
0.947113
0.977554
1.52908
1.21338
0.90271
1.27548
1.22986
0.888824
1.20705
1.4949
0.980072
0.954742
1.3224
1.02318
0.836792
1.15379
1.05614
0.755692
0.987701
1.13861
0.773392
0.748062
1.13861
0.952225
0.754395
1.03844
0.996552
0.692291
0.968704
1.26663
0.821609
0.807648
1.05743
0.829163
0.692291
0.962296
0.98259
0.692291
0.891342
1.06628
0.797501
0.832977
1.18172
0.86853
0.748062
1.08658
1.07521
0.72525
0.909042
1.12846
0.797501
0.794983
1.12717
0.907822
0.702438
1.00418
0.96489
0.660553
0.838089
0.919189
0.652924
0.692291
1.00922
0.801315
0.663071
1.05362
1.06125
0.697327
0.792389
0.945816
0.756912
0.90271
1.63437
1.62674
1.34148
1.66855
1.25778
0.626297
0.67955
0.862198
0.609818
0.722656
1.12846
0.968704
0.777206
1.0714
1.02699
0.770874
0.987701
1.17661
0.808945
0.853271
1.24382
0.967407
0.769577
1.12968
1.16646
0.855789
1.10939
1.32118
0.852051
0.829163
1.35162
1.09673
0.89386
1.39595
1.24886
0.854568
1.20193
1.44165
0.98259
1.09169
1.46446
1.00922
0.834274
1.21086
1.20834
0.783539
0.949631
1.14235
0.810165
0.882416
1.20705
0.872345
0.712509
1.00922
0.914154
0.566711
0.763245
0.983887
0.726471
0.713806
0.940781
0.754395
0.565491
0.834274
0.865936
0.642776
0.867233
1.06758
0.641556
0.642776
0.967407
0.789871
0.633926
0.96489
0.958557
0.694809
0.907822
1.05232
0.704956
0.674515
0.98259
0.83046
0.656738
0.967407
0.969925
0.666885
0.864716
1.10558
0.786057
0.802536
1.12717
0.862198
0.726471
1.12968
1.07521
0.713806
0.919189
1.21086
0.841904
0.855789
1.10687
0.832977
0.688477
1.06377
1.03714
0.701141
0.896378
1.06506
0.721436
0.731583
1.0257
0.876083
0.685883
0.967407
0.961075
0.656738
0.770874
0.967407
0.735397
0.996552
1.83975
1.71295
1.3047
1.60263
1.14746
0.510941
0.595932
0.87738
0.671997
0.715103
1.08536
0.864716
0.697327
1.06758
1.07773
0.715103
0.915451
1.18675
0.824127
0.832977
1.23497
0.985184
0.808945
1.18927
1.1956
0.831757
1.02318
1.31226
0.947113
0.980072
1.40106
1.08154
0.891342
1.38077
1.3427
0.800018
0.967407
1.32118
0.962296
1.02318
1.56464
1.14746
0.992737
1.51512
1.41502
0.990219
1.19438
1.42006
0.933151
0.921783
1.34651
1.01303
0.810165
1.23619
1.09673
0.6707
0.817795
0.976257
0.66185
0.689697
1.04599
0.855789
0.737915
1.09291
1.07391
0.75943
1.02066
1.21338
0.806351
0.878677
1.33385
1.01936
0.769577
1.17157
1.06628
0.704956
0.888824
1.13731
0.810165
0.819092
1.24001
0.950928
0.744247
1.05873
1.1145
0.811462
0.997849
1.1982
0.841904
0.788651
1.09039
0.958557
0.829163
1.23619
1.25526
0.853271
1.09421
1.3237
0.853271
0.802536
1.24634
0.954742
0.768356
1.12968
1.0701
0.767059
1.00037
1.22482
0.793686
0.811462
1.24763
0.978851
0.737915
1.1145
1.14365
0.72525
0.860901
1.25145
1.02448
1.44539
2.22771
1.83723
1.17279
1.15761
0.825424
0.44754
0.644073
0.920486
0.782318
0.849457
1.31989
1.07773
0.873566
1.33385
1.34521
0.929337
1.16776
1.47583
0.97374
0.896378
1.27548
1.02066
0.827942
1.25267
1.24512
0.844421
1.09169
1.36429
0.896378
0.925598
1.39977
1.13731
0.857086
1.30852
1.33636
0.963593
1.30722
1.595
1.0701
1.09421
1.64452
1.32622
1.04858
1.54816
1.48094
0.897675
1.17157
1.5316
1.07643
1.05743
1.3858
1.00037
0.803833
1.14235
1.0714
0.688477
0.867233
1.12335
0.770874
0.7341
1.02951
0.883713
0.754395
1.08658
1.07521
0.726471
0.930634
1.26663
0.846939
0.821609
1.2413
0.971222
0.745544
0.975037
0.929337
0.59967
0.718918
0.906525
0.654221
0.658035
0.980072
0.81398
0.594635
0.936966
0.986404
0.684662
0.850754
1.07773
0.74295
0.701141
0.962296
0.775909
0.597153
0.871048
0.881195
0.58197
0.744247
0.950928
0.640259
0.630112
0.952225
0.767059
0.517273
0.779724
0.770874
0.504608
0.680847
0.881195
0.646591
0.764542
1.47079
1.44539
1.13602
1.47079
1.03584
0.377808
0.367661
0.571823
0.451355
0.613632
1.12968
0.962296
0.762024
1.16898
1.20323
0.812683
0.991516
1.39977
0.988922
1.00037
1.61278
1.33133
0.967407
1.42258
1.47202
0.986404
1.30089
1.64574
1.1322
1.17279
1.76117
1.39725
1.0498
1.61278
1.70914
1.1348
1.39091
1.7231
1.22864
1.19308
1.70914
1.37184
0.992737
1.48216
1.61278
1.04599
1.27045
1.52405
1.01685
0.972443
1.39977
1.06506
0.80513
1.18172
1.07643
0.678329
0.882416
1.16264
0.777206
0.723953
1.02951
0.90271
0.708771
1.02448
1.02951
0.652924
0.832977
1.14113
0.824127
0.774689
1.09421
0.955963
0.784836
1.17661
1.1956
0.755692
0.938263
1.30592
0.888824
0.810165
1.18546
1.01303
0.821609
1.14235
1.18294
0.852051
1.07262
1.40358
0.952225
0.983887
1.51642
1.28311
1.09543
1.79535
2.02614
1.62544
2.08702
2.56882
2.17072
2.20367
2.7108
2.12631
1.32751
1.42509
1.12083
0.75058
1.07391
1.61659
1.2793
1.37695
1.89552
1.29959
0.677032
0.688477
0.651703
0.485611
0.688477
0.917969
0.690994
0.707474
1.03844
0.871048
0.701141
1.02829
1.02196
0.632629
0.811462
1.09039
0.744247
0.694809
0.969925
0.820312
0.684662
1.01181
1.02196
0.727768
0.895157
1.14746
0.829163
0.827942
1.24512
1.0511
0.924301
1.40488
1.46187
1.01936
1.30852
1.85623
1.6597
1.61407
2.08191
1.74088
1.4505
2.1022
2.23412
1.70792
1.96274
2.22015
1.65588
1.63437
2.02614
1.56586
1.05362
1.4695
1.31737
0.74295
0.852051
0.953445
0.609818
0.621262
0.911636
0.706177
0.542679
0.825424
0.820312
0.545197
0.67955
0.87738
0.647888
0.633926
0.874863
0.704956
0.549011
0.860901
0.87738
0.561676
0.701141
0.947113
0.67955
0.675812
1.03584
0.807648
0.578156
0.864716
0.89386
0.64537
0.782318
0.906525
0.602264
0.562897
0.840607
0.708771
0.493164
0.779724
0.765762
0.493164
0.671997
0.88501
0.618744
0.568008
0.815277
0.660553
0.437393
0.75943
0.926819
0.832977
1.28311
1.62041
0.969925
0.767059
0.876083
0.580673
0.401917
0.829163
1.00166
0.793686
0.958557
1.29326
0.901489
0.817795
1.14235
0.986404
0.808945
1.24001
1.259
0.871048
1.07391
1.33514
0.872345
0.863419
1.37062
1.14998
0.843124
1.26282
1.30341
0.888824
1.07643
1.37444
0.980072
1.04858
1.54305
1.22353
0.975037
1.43654
1.42509
0.947113
1.20323
1.52275
1.00548
0.96489
1.45432
1.11832
0.853271
1.16264
1.22353
0.829163
0.958557
1.28441
0.96611
0.947113
1.41121
1.19308
0.919189
1.31989
1.3884
0.920486
1.14365
1.59882
1.06247
0.929337
1.41243
1.22986
0.983887
1.48598
1.43272
0.94841
1.17409
1.42639
0.952225
0.891342
1.32622
1.12335
0.852051
1.259
1.28944
0.872345
1.10306
1.46065
1.01303
0.934448
1.4061
1.11069
0.808945
1.07773
1.12968
0.794983
1.01555
1.28693
0.792389
0.718918
1.00037
0.846939
0.684662
1.08154
1.16524
0.764542
0.888824
1.1779
0.812683
0.693512
0.911636
0.812683
0.721436
1.28311
1.73454
1.39595
1.61407
1.64703
0.824127
0.587006
0.796204
0.717621
0.59967
0.980072
1.1348
0.812683
0.971222
1.29959
0.88501
0.887527
1.26534
1.06377
0.869751
1.1969
1.14113
0.779724
1.0891
1.52405
1.05873
0.940781
1.35033
1.08406
0.876083
1.3224
1.40488
0.925598
1.15128
1.47202
0.980072
0.952225
1.53542
1.30089
0.969925
1.37695
1.49742
1.03584
1.38077
1.61789
1.07895
1.0714
1.55823
1.17027
0.834274
1.12717
1.12846
0.782318
0.900192
1.06506
0.689697
0.628891
0.890045
0.699844
0.55275
0.846939
0.826645
0.557861
0.736618
0.910339
0.690994
0.663071
0.890045
0.730286
0.578156
0.929337
0.945816
0.640259
0.811462
1.03081
0.74295
0.740433
1.13602
0.917969
0.715103
1.0688
1.08276
0.760727
0.944595
1.27174
0.873566
0.826645
1.23497
1.06247
0.788651
1.02448
1.05614
0.735397
0.810165
0.992737
0.732803
0.683365
0.977554
0.863419
0.647888
0.926819
1.06125
0.727768
0.859604
1.03714
0.680847
0.608597
0.933151
0.949631
0.942078
1.75354
1.93108
1.12968
1.16898
1.11572
0.575638
0.483017
0.815277
0.803833
0.730286
1.25015
1.33385
0.997849
1.46698
1.92093
1.4315
1.6153
2.42805
2.34818
2.12502
2.76665
2.86552
2.32407
2.4826
2.57263
1.94756
1.77765
2.11617
1.67999
1.26915
1.89804
1.92215
1.1956
1.4061
1.76491
1.32118
1.27808
1.81442
1.40488
1.09039
1.74088
1.8055
1.13098
1.27808
1.5963
1.23367
1.32751
1.98433
1.7675
1.36681
1.88538
1.90819
1.22101
1.42891
1.6407
0.955963
0.810165
1.07262
0.910339
0.637741
0.825424
0.835571
0.578156
0.749283
0.976257
0.683365
0.642776
0.943298
0.862198
0.698624
1.01051
1.10306
0.852051
0.944595
1.09802
0.75943
0.772171
1.11702
0.907822
0.587006
0.849457
0.921783
0.677032
0.943298
1.34903
0.892563
0.824127
1.10939
0.887527
0.716324
0.981369
0.975037
0.669403
0.784836
0.953445
0.654221
0.640259
0.94841
0.892563
0.740433
1.13731
1.18172
0.692291
0.729065
0.862198
0.595932
0.7341
1.41624
1.50375
1.1525
1.35536
1.01936
0.429764
0.419617
0.571823
0.431061
0.568008
1.12846
1.20834
1.19057
1.90697
2.16057
1.75858
2.11746
2.47498
1.86508
1.71295
2.07176
1.47713
0.952225
1.31607
1.31104
0.848236
0.969925
1.39473
1.11954
1.35796
2.14912
1.91963
1.59882
2.14783
2.09335
1.52527
1.80168
2.09969
1.44417
1.20834
1.55571
1.16776
0.840607
1.09673
1.10054
0.718918
0.824127
0.978851
0.644073
0.579376
0.817795
0.595932
0.396805
0.61615
0.651703
0.335999
0.423431
0.625076
0.39299
0.31189
0.542679
0.423431
0.285263
0.541382
0.561676
0.290298
0.443726
0.6073
0.419617
0.386658
0.606003
0.460205
0.294113
0.588303
0.688477
0.45639
0.612411
0.816498
0.654221
0.684662
0.986404
0.871048
0.678329
0.909042
0.952225
0.708771
0.895157
1.1779
0.816498
0.786057
1.23749
1.10939
0.859604
1.31859
1.48849
1.0257
1.45302
2.13394
1.70914
1.64703
2.33299
1.96404
1.46568
1.90063
2.05658
1.82961
2.51938
3.19267
2.65884
2.31903
2.44453
1.69899
1.15761
1.7675
2.00203
1.74721
2.27081
2.79701
2.34566
2.38243
3.06969
2.69814
2.17827
2.64107
2.63351
1.91582
2.04132
2.41791
2.10854
2.01851
2.48764
2.14783
1.68129
2.19604
2.12883
1.53923
1.8689
2.34566
1.78017
1.61026
2.11235
1.83342
1.45683
1.96144
2.0591
1.48094
1.65207
1.97418
1.40358
1.31989
1.87782
1.5139
0.981369
1.39847
1.47583
0.968704
1.14746
1.35666
0.96611
0.896378
1.20705
0.963593
0.673218
0.952225
0.952225
0.604782
0.736618
0.940781
0.671997
0.612411
0.873566
0.727768
0.566711
0.797501
0.811462
0.467834
0.52742
0.736618
0.538864
0.504608
0.721436
0.460205
0.0671387
0.229492
0.337219
0.0621033
0.157166
0.412064
0.301743
0.376511
0.717621
0.684662
0.546417
0.854568
0.952225
0.671997
0.789871
0.942078
0.674515
0.550232
0.646591
0.344849
0.0113678
0.0823975
0.0925446
0.0063324
0.0050354
0.0050354
0.0050354
0.0050354
0.134354
0.271301
0.221863
0.422211
0.452652
0.181274
0.239639
0.509644
0.465317
0.583191
1.1335
1.16524
1.02951
1.69647
1.77765
1.16013
1.48849
1.95259
1.40228
1.28311
1.78398
1.51512
1.17912
1.77887
1.82457
1.13602
1.21338
1.6787
1.33766
1.28189
1.75606
1.55701
1.14868
1.62163
1.70914
1.11069
1.2793
1.58997
1.17157
1.14868
1.62674
1.31226
0.952225
1.35536
1.56715
0.992737
1.0688
1.4492
1.008
0.911636
1.23497
1.00418
0.744247
0.96611
0.980072
0.701141
0.869751
1.12335
0.779724
0.642776
0.928116
0.800018
0.64537
0.910339
0.945816
0.585785
0.684662
0.836792
0.476685
0.268784
0.380325
0.196457
0.0075531
0.0862122
0.0887299
0.0050354
0.0266266
0.106506
0.0075531
0.0075531
0.230713
0.23201
0.0621033
0.256119
0.23201
0.0075531
0.0266266
0.211716
0.065918
0.0341797
0.195236
0.0481415
0.0050354
0.0569916
0.107727
0.0050354
0.0862122
0.268784
0.0582886
0.0215149
0.238342
0.139465
0.0177002
0.32074
0.565491
0.509644
0.995331
1.94496
1.92596
1.81694
1.93481
1.19308
0.521088
0.665665
0.890045
0.905304
1.53923
2.33681
2.21252
2.13646
2.40906
1.89301
1.3047
1.61156
1.38199
0.791168
0.840607
1.08025
0.794983
0.722656
1.05995
0.945816
0.745544
0.988922
1.02318
0.66185
0.751877
0.977554
0.729065
0.632629
0.980072
0.94841
0.753098
1.15128
1.28441
0.844421
1.02699
1.38199
0.991516
0.904007
1.30341
1.04347
0.729065
1.17409
1.28563
0.815277
0.895157
1.16898
0.843124
0.779724
1.17661
0.933151
0.694809
1.04858
1.09673
0.75058
0.916672
1.29578
0.912857
0.857086
1.30341
1.1145
0.86853
1.40228
1.65085
1.07773
1.21468
1.50246
1.04218
0.923004
1.40862
1.16013
0.864716
1.33003
1.45554
0.945816
1.17531
1.60896
1.21338
1.2413
1.83594
1.52527
1.15379
1.7421
2.01599
1.44035
1.66351
2.00836
1.47079
1.30341
1.81564
1.49994
0.983887
1.35918
1.52657
1.03081
1.23619
1.56586
1.14494
1.08154
1.63559
1.42891
1.03462
1.45302
1.40106
0.917969
1.1779
1.72943
1.55952
1.64955
2.23534
1.90186
1.03081
1.05232
1.02066
0.75943
0.967407
1.41754
1.10687
0.996552
1.54938
1.34148
0.969925
1.24382
1.31607
0.890045
1.05614
1.4061
0.977554
0.921783
1.37695
1.12717
0.825424
1.14113
1.24382
0.858383
1.05995
1.42387
1.01555
1.04858
1.62422
1.40991
0.997849
1.29074
1.38962
0.935669
1.12968
1.52657
1.07643
1.01685
1.62674
1.40106
1.00037
1.37062
1.50497
0.994034
1.03081
1.42258
1.02196
0.857086
1.23749
1.09673
0.803833
1.1145
1.20193
0.783539
0.90271
1.15631
0.81398
0.756912
1.0891
0.905304
0.68718
1.008
1.00288
0.603485
0.647888
0.863419
0.698624
0.715103
1.09924
0.988922
0.753098
1.08406
1.21849
0.878677
1.0701
1.47583
1.07521
0.953445
1.35796
1.18805
0.914154
1.31989
1.48476
1.07391
1.42136
1.77887
1.31104
1.06247
1.52153
1.30211
0.959778
1.47713
1.48094
0.897675
1.03966
1.45432
1.07643
1.00418
1.4315
1.14616
0.831757
1.1145
1.11702
0.74295
0.858383
1.14998
0.820312
0.689697
0.971222
0.997849
1.00166
1.76491
2.02232
1.43654
1.52153
1.49994
0.838089
0.758209
1.25526
1.27808
1.09039
1.63177
1.84227
1.35414
1.62674
2.02362
1.54434
1.40862
1.96655
1.74721
1.28822
1.9133
1.96404
1.38458
1.59378
2.03758
1.64825
1.50627
1.89171
1.70792
1.31104
1.75102
1.74088
1.24634
1.50246
1.9133
1.43524
1.24763
1.72943
1.44417
0.940781
1.16898
1.18042
0.732803
0.797501
0.999069
0.758209
0.678329
0.888824
0.826645
0.597153
0.763245
0.774689
0.516052
0.61615
0.778503
0.537567
0.53627
0.904007
0.811462
0.5439
0.774689
0.909042
0.684662
0.782318
1.02066
0.760727
0.732803
1.14868
1.02448
0.707474
0.914154
1.01555
0.772171
0.943298
1.22986
0.852051
0.777206
1.1322
0.985184
0.824127
1.22604
1.28693
0.811462
0.865936
1.18546
0.89386
0.855789
1.36551
1.28189
0.910339
1.34903
1.53542
1.01685
1.1956
1.67488
1.04858
0.901489
1.38329
1.23749
0.876083
1.19308
1.23619
0.786057
0.890045
1.24763
1.0257
1.01051
1.54816
1.36681
1.01433
1.35918
1.43272
0.983887
1.17531
1.62674
1.20705
1.30341
2.41539
2.67281
2.66518
3.29025
3.25478
2.50542
2.25815
2.64236
2.44965
2.7121
3.03032
2.91367
2.87056
2.8376
2.81609
2.81731
2.82112
2.81357
2.81479
2.82112
2.8186
2.74124
2.15675
2.47879
2.7552
2.30759
2.41287
2.7108
2.16431
1.86386
2.34695
2.02995
1.33766
1.68251
1.83975
1.39725
1.62422
1.96022
1.60141
1.48979
1.87141
1.57478
1.04095
1.07391
0.947113
0.517273
0.466537
0.516052
0.150833
0.0100708
0.129318
0.032959
0.0050354
0.0063324
0.0050354
0.0050354
0.0050354
0.0050354
0.0063324
0.0050354
0.0050354
0.0050354
0.0050354
0.0050354
0.0050354
0.0050354
0.0063324
0.0063324
0.0050354
0.0050354
0.063324
0.0291443
0.0063324
0.0874329
0.120392
0.0050354
0.0138855
0.17746
0.0456238
0.030365
0.276337
0.223083
0.111542
0.44754
0.613632
0.420914
0.546417
0.767059
0.569305
0.546417
0.850754
0.800018
0.571823
0.782318
0.850754
0.526123
0.655518
0.88623
0.637741
0.573044
0.882416
0.798798
0.59967
0.83931
0.915451
0.642776
0.760727
0.972443
0.778503
0.798798
1.29456
1.2413
0.911636
1.39595
1.48346
0.959778
1.23116
1.56715
0.988922
0.854568
1.38962
1.65718
2.09206
3.29659
3.554
3.36891
3.22311
3.07472
2.89345
2.66266
2.98599
2.93526
2.92511
2.91115
2.87689
2.83257
2.86301
2.87315
2.79327
2.73872
2.88834
2.83638
2.34818
2.58781
2.74887
2.09084
2.32155
2.80594
2.27211
2.05025
2.41539
2.04132
1.46187
1.77505
1.85242
1.20193
1.21971
1.54305
1.09543
0.925598
1.36932
1.47202
1.30211
2.12502
2.5219
2.14409
2.4839
2.90863
2.42554
2.27463
2.79579
2.49908
1.9944
2.40906
2.42554
1.7662
1.83975
2.22137
1.661
1.37825
1.85493
1.63437
1.14235
1.55571
1.5976
1.0067
1.07391
1.39847
1.03966
0.944595
1.29196
1.10435
0.815277
1.10817
1.24886
0.797501
0.824127
1.10184
0.862198
0.769577
0.978851
0.812683
0.589523
0.788651
0.879898
0.59082
0.631409
0.829163
0.587006
0.458984
0.682144
0.640259
0.413284
0.640259
0.727768
0.476685
0.562897
0.784836
0.561676
0.462799
0.626297
0.457687
0.122986
0.238342
0.237045
0.0063324
0.0063324
0.0050354
0.0050354
0.0050354
0.0063324
0.0050354
0.0037384
0.0050354
0.0050354
0.0050354
0.0050354
0.0468445
0.0063324
0.0050354
0.098877
0.0240326
0.0050354
0.0240326
0.133133
0.0266266
0.301743
0.513458
0.21553
0.0050354
0.0063324
0.0050354
0.0050354
0.0088501
0.0785828
0.0050354
0.0595856
0.261154
0.0772858
0.0836182
0.351181
0.256119
0.0798798
0.328369
0.434875
0.310593
0.481796
0.756912
0.554047
0.508423
0.912857
0.939484
0.736618
1.02829
1.21719
0.83931
1.00288
1.44165
1.09169
0.952225
1.47331
1.32118
0.916672
1.30592
1.42769
0.907822
0.991516
1.325
0.892563
0.806351
1.17157
1.06125
0.934448
1.54556
1.86005
1.46187
1.77383
2.38747
2.1212
2.11105
2.68677
2.63985
2.25311
2.76787
2.97585
2.3558
2.49397
2.90733
2.49146
2.25693
2.78183
2.50793
1.91582
2.28989
2.51556
1.95389
2.16179
2.45979
1.88919
1.65337
2.07687
1.84738
1.3237
1.68503
1.86127
1.37695
1.55952
1.93108
1.43272
1.14113
1.576
1.31226
0.978851
1.3237
1.46187
0.985184
1.0688
1.55952
1.12206
0.94841
1.35284
1.22353
0.859604
1.07391
1.1145
0.760727
0.832977
1.02318
0.726471
0.641556
0.936966
0.820312
0.541382
0.707474
0.770874
0.523605
0.584488
0.775909
0.55275
0.45639
0.67955
0.573044
0.373993
0.701141
0.986404
0.934448
1.23367
1.41121
0.862198
0.514755
0.531235
0.389252
0.22438
0.512238
0.659256
0.514755
0.688477
0.976257
0.746765
0.606003
0.882416
0.789871
0.602264
0.874863
0.980072
0.688477
0.82283
1.21338
0.911636
0.754395
1.13098
1.0701
0.800018
1.13602
1.23116
0.816498
0.933151
1.31737
0.959778
0.826645
1.2616
1.09543
0.850754
1.15509
1.23619
0.835571
0.923004
1.18805
0.911636
0.825424
1.20575
0.994034
0.704956
0.96611
1.11954
0.744247
0.756912
0.935669
0.649185
0.496979
0.748062
0.658035
0.483017
0.773392
0.864716
0.578156
0.646591
0.873566
0.677032
0.566711
0.854568
0.80513
0.555344
0.803833
0.958557
0.678329
0.74295
1.05232
0.829163
0.717621
1.01685
0.954742
0.652924
0.881195
1.07391
0.768356
0.803833
1.09543
0.865936
0.758209
0.988922
0.929337
0.715103
1.03714
1.16394
0.835571
0.977554
1.25778
0.881195
0.834274
1.2616
1.0891
0.737915
0.954742
1.12083
0.784836
0.855789
1.10435
0.802536
0.721436
1.02699
0.955963
0.682144
0.969925
1.09924
0.720139
0.739136
0.947113
0.715103
0.633926
1.1525
1.39977
1.15883
1.63055
1.79794
1.0511
0.82283
0.824127
0.537567
0.510941
0.906525
0.976257
0.729065
1.02951
1.17661
0.801315
0.940781
1.27808
0.90271
0.787354
1.20323
1.07391
0.788651
1.06247
1.25397
0.930634
1.05614
1.52023
1.08276
0.942078
1.42006
1.27045
0.901489
1.30211
1.59378
1.19438
1.23367
1.55952
1.20323
1.0067
1.47835
1.37825
0.97374
1.30211
1.5126
1.04347
1.13731
1.51642
1.16776
0.955963
1.35666
1.16898
0.865936
1.17027
1.28944
0.838089
0.891342
1.18927
0.887527
0.794983
1.15761
1.0067
0.779724
1.25267
1.46065
0.907822
0.967407
1.3681
1.03584
0.938263
1.47713
1.33636
0.859604
1.15128
1.4492
1.04218
1.18423
1.66855
1.28311
1.12846
1.6394
1.54938
1.08276
1.55701
1.84738
1.11198
1.01433
1.25267
0.810165
0.660553
0.963593
0.917969
0.720139
1.10306
1.45554
1.10817
1.10054
1.43524
1.14868
1.06125
1.75476
1.87271
1.56204
2.20238
2.46231
1.99318
2.22015
2.65633
2.26196
2.05406
2.5016
2.35329
1.89301
2.32666
2.54349
1.88789
1.95511
2.47879
2.30003
2.32033
3.05695
2.8833
2.05528
1.95892
1.44287
0.770874
0.854568
1.25648
1.0714
0.919189
1.13861
0.926819
0.574341
0.66185
0.674515
0.394287
0.396805
0.554047
0.297928
0.139465
0.386658
0.354996
0.15213
0.319519
0.368958
0.0494385
0.0963593
0.314407
0.107727
0.0278473
0.235825
0.174942
0.0164795
0.228195
0.278931
0.0392914
0.185089
0.470352
0.346146
0.230713
0.510941
0.486832
0.256119
0.436172
0.521088
0.310593
0.432358
0.668182
0.420914
0.292892
0.522385
0.451355
0.251007
0.498276
0.635223
0.35881
0.37529
0.612411
0.46402
0.363846
0.625076
0.611115
0.422211
0.649185
0.781021
0.571823
0.611115
0.86853
0.688477
0.593338
0.986404
0.919189
0.64537
0.864716
0.992737
0.666885
0.81398
1.17157
0.831757
0.730286
1.15883
1.12846
0.794983
1.08788
1.27426
0.826645
0.938263
1.39977
1.07262
0.887527
1.32751
1.39595
1.06628
1.3858
1.46698
1.00548
1.20193
1.65085
1.23619
1.06758
1.61911
1.59378
1.06628
1.31859
1.40106
0.911636
1.05614
1.46446
1.1322
1.04347
1.62041
1.4695
1.01814
1.40228
1.51894
0.978851
1.03462
1.45172
1.30974
1.46568
2.42683
2.62711
2.1022
2.16942
1.81694
0.907822
0.855789
1.17531
1.00288
0.962296
1.49864
1.46568
1.09169
1.48476
1.64955
1.15379
1.17661
1.65466
1.26663
1.09291
1.69899
1.56464
1.09543
1.45813
1.71295
1.10184
1.20453
1.73828
1.35284
1.18042
1.79665
1.61911
1.0891
1.55067
1.85242
1.33003
1.3858
1.73958
1.37314
1.26793
1.81946
1.7231
1.25145
1.55952
1.70532
1.13983
1.34399
1.79413
1.30722
1.00288
1.48979
1.2793
0.895157
1.18675
1.25778
0.854568
0.925598
1.18805
0.89386
0.826645
1.31485
1.24634
0.792389
1.08276
1.35918
0.862198
0.901489
1.22986
0.978851
0.820312
1.30722
1.23367
0.867233
1.18172
1.40358
0.921783
0.976257
1.35796
1.01433
0.850754
1.16898
1.15379
0.850754
1.09421
1.36932
0.947113
1.03584
1.42509
1.06125
0.88623
1.22482
1.13983
0.872345
1.31859
1.60896
1.0891
1.20834
1.65718
1.29837
1.01814
1.52153
1.51009
1.0321
1.49742
1.75606
1.27174
1.44798
1.89682
1.42258
1.1779
1.74469
1.7231
1.1779
1.43021
1.60515
1.11832
1.28441
1.72691
1.30722
1.09291
1.53038
1.34903
0.923004
1.15883
1.42769
1.008
1.29074
2.21504
2.20367
1.88538
2.01981
1.36551
0.703659
0.69603
0.748062
0.514755
0.692291
1.06377
0.844421
0.699844
0.97374
0.88623
0.671997
0.933151
1.12846
0.760727
0.820312
1.07643
0.807648
0.699844
1.02196
0.994034
0.739136
0.975037
1.23367
0.832977
0.940781
1.50375
1.19942
0.905304
1.29456
1.22353
0.89386
1.25015
1.54434
1.05995
1.11198
1.59248
1.259
0.943298
1.36932
1.29196
0.859604
1.15761
1.39725
0.887527
0.895157
1.25267
0.949631
0.774689
1.10054
1.03966
0.707474
0.86853
0.961075
0.66185
0.756912
1.01303
0.811462
0.703659
0.958557
0.910339
0.715103
0.95726
1.09673
0.763245
0.810165
1.1132
0.871048
0.702438
1.04218
1.00418
0.746765
0.977554
1.18927
0.815277
0.848236
1.28311
1.0688
0.854568
1.20575
1.14494
0.807648
1.11572
1.44165
0.967407
0.969925
1.36551
1.03844
0.895157
1.44417
1.50246
1.06377
1.52275
1.69144
1.03333
1.03714
1.46568
1.07391
0.863419
1.25145
1.20453
0.860901
1.01555
1.2616
0.850754
0.860901
1.18927
0.976257
0.850754
1.21208
1.04729
0.7341
0.910339
0.987701
0.699844
0.762024
1.25778
1.22986
1.39091
2.14912
1.88919
1.07643
0.997849
0.882416
0.493164
0.522385
0.879898
0.782318
0.749283
1.20575
1.22223
0.917969
1.20575
1.37825
0.944595
1.02196
1.50879
1.20705
1.03462
1.46828
1.3047
0.934448
1.26663
1.45935
0.947113
0.954742
1.32874
1.09802
0.931931
1.32118
1.26534
0.968704
1.33385
1.60393
1.09169
1.15128
1.62041
1.28563
1.07643
1.50497
1.47583
1.01555
1.34399
1.58485
1.10306
1.10184
1.49109
1.10939
0.863419
1.12587
0.980072
0.666885
0.869751
1.01303
0.692291
0.723953
0.95726
0.777206
0.663071
0.933151
0.878677
0.631409
0.864716
0.985184
0.68718
0.768356
1.03081
0.803833
0.680847
0.947113
0.945816
0.689697
0.891342
1.0498
0.720139
0.754395
1.01181
0.890045
0.777206
1.10817
1.07521
0.732803
0.904007
1.20193
0.907822
1.04095
1.47202
1.06506
0.940781
1.64955
1.7421
1.25267
1.62292
1.88919
1.41876
1.51894
2.05406
1.66603
1.39343
1.86005
1.74843
1.259
1.58997
1.8055
1.32622
1.39847
1.85242
1.45683
1.1322
1.64322
1.50879
1.03584
1.58615
2.06673
1.8943
1.95007
2.16309
1.40358
0.739136
0.781021
0.730286
0.571823
0.797501
0.952225
0.684662
0.697327
0.906525
0.717621
0.55275
0.787354
0.704956
0.417099
0.59967
0.744247
0.453873
0.47287
0.772171
0.628891
0.557861
0.821609
0.746765
0.480499
0.671997
0.825424
0.573044
0.623779
0.816498
0.692291
0.619965
0.901489
0.89386
0.658035
0.879898
0.96611
0.68718
0.718918
0.961075
0.775909
0.709991
0.992737
0.945816
0.656738
0.812683
0.909042
0.573044
0.592117
0.936966
0.806351
0.693512
0.986404
1.00288
0.812683
1.26793
1.6787
1.35666
1.60141
2.05025
1.76491
1.66733
2.17957
2.07558
1.59248
1.91833
2.12761
1.57097
1.595
1.9323
1.39847
1.05743
1.39091
1.24886
0.872345
0.962296
1.04599
0.708771
0.694809
0.896378
0.665665
0.573044
0.881195
0.846939
0.566711
0.704956
0.824127
0.603485
0.626297
0.832977
0.654221
0.573044
0.865936
0.806351
0.533752
0.715103
0.87738
0.584488
0.604782
0.845718
0.727768
0.654221
0.906525
0.900192
0.59082
0.739136
0.938263
0.712509
0.848236
1.43654
1.31989
1.09802
1.3858
0.907822
0.360031
0.417099
0.641556
0.488129
0.592117
0.89386
0.746765
0.642776
0.923004
0.919189
0.74295
1.08154
1.35666
0.925598
0.905304
1.25397
0.961075
0.816498
1.21208
1.22353
0.901489
1.2793
1.56715
1.14235
1.28693
1.84608
1.55449
1.31859
1.82831
1.63437
1.12465
1.53801
1.84738
1.34903
1.31737
1.7675
1.42006
1.12846
1.54686
1.52657
1.12083
1.36177
1.54053
1.04347
1.06125
1.42136
1.1145
0.860901
1.0714
1.01303
0.74295
0.920486
1.13098
0.858383
0.878677
1.18927
0.897675
0.74173
1.0714
1.09421
0.863419
1.12335
1.5139
1.20193
1.39473
1.98051
1.71165
1.48094
2.10983
2.06673
1.49742
1.82198
1.89301
1.14494
1.08276
1.41754
0.983887
0.7341
1.00166
0.873566
0.597153
0.812683
1.0067
0.683365
0.669403
0.90271
0.699844
0.566711
0.867233
0.825424
0.474167
0.609818
0.775909
0.524902
0.546417
0.775909
0.588303
0.469131
0.716324
0.735397
0.625076
0.910339
1.23871
0.942078
1.1335
1.87401
1.74469
1.75606
2.73239
3.22311
2.80342
2.95425
2.85027
1.67236
0.995331
1.12083
0.881195
0.680847
0.945816
0.96489
0.682144
0.808945
0.887527
0.542679
0.566711
0.846939
0.674515
0.493164
0.765762
0.74173
0.469131
0.651703
0.760727
0.505905
0.565491
0.892563
0.803833
0.746765
1.31226
1.54686
1.2603
1.70029
2.0578
1.6787
1.78017
2.25945
1.92848
1.63437
2.14912
2.08702
1.47583
1.69899
1.82457
1.11702
1.02448
1.26915
0.907822
0.649185
0.863419
0.772171
0.488129
0.660553
0.874863
0.594635
0.555344
0.770874
0.68718
0.635223
0.968704
0.925598
0.642776
0.827942
0.972443
0.744247
0.791168
1.09802
0.891342
0.745544
1.03333
0.997849
0.688477
0.888824
1.09039
0.729065
0.707474
0.961075
0.793686
0.684662
1.02448
1.08788
0.855789
1.13098
1.36551
0.919189
0.955963
1.36932
1.01555
0.817795
1.19057
1.18927
0.850754
1.09169
1.34521
0.881195
0.900192
1.30852
1.05743
0.89386
1.22482
1.18805
0.901489
1.10939
1.22604
0.82283
0.789871
0.938263
0.754395
0.658035
0.876083
0.834274
0.532532
0.658035
0.876083
0.732803
0.945816
1.69395
1.36177
0.952225
1.03462
0.68718
0.319519
0.500793
0.722656
0.514755
0.52742
0.858383
0.697327
0.575638
0.791168
0.756912
0.535049
0.677032
0.838089
0.579376
0.658035
1.0511
0.801315
0.665665
0.975037
0.999069
0.801315
1.07521
1.36047
0.929337
0.972443
1.39595
1.09039
0.883713
1.28189
1.21849
0.834274
1.12083
1.23871
0.806351
0.815277
1.16776
0.881195
0.688477
1.02829
1.02318
0.778503
1.00548
1.22734
0.835571
0.826645
1.21719
0.988922
0.740433
0.961075
0.89386
0.569305
0.722656
0.906525
0.64537
0.651703
0.879898
0.737915
0.604782
0.878677
0.845718
0.565491
0.778503
1.008
0.722656
0.69603
0.931931
0.745544
0.617447
0.991516
1.01936
0.716324
0.901489
1.00548
0.720139
0.801315
1.20834
0.896378
0.711288
1.0067
1.05743
0.789871
0.943298
1.24001
0.888824
0.897675
1.41502
1.20071
1.02951
1.56082
1.5126
0.994034
1.22223
1.40739
0.935669
0.939484
1.28189
1.01181
0.794983
1.17912
1.20575
0.891342
1.1969
1.35918
0.821609
0.815277
1.09039
0.80513
0.727768
1.23871
1.58234
1.3871
1.80168
1.86127
1.1348
0.774689
0.843124
0.625076
0.55275
0.925598
1.08406
0.841904
1.10939
1.44287
1.01685
1.01303
1.46828
1.24512
0.978851
1.29837
1.19308
0.850754
1.20453
1.5963
1.06506
1.04095
1.56837
1.325
1.01303
1.59126
1.68251
1.13861
1.44798
1.81816
1.39595
1.57219
2.06161
1.74721
1.41876
1.97418
1.96655
1.49361
1.78139
2.1035
1.52023
1.53038
1.93611
1.49612
1.18805
1.67366
1.69014
1.14113
1.36177
1.55449
0.980072
0.87738
1.08276
0.845718
0.692291
0.94841
0.901489
0.622559
0.792389
0.944595
0.673218
0.659256
0.945816
0.793686
0.568008
0.787354
0.800018
0.579376
0.800018
0.975037
0.658035
0.647888
0.938263
0.773392
0.613632
0.86853
0.849457
0.614929
0.808945
1.02066
0.775909
0.821609
1.19057
0.936966
0.72525
1.05743
1.0688
0.75943
0.919189
1.1335
0.792389
0.777206
1.06125
0.840607
0.682144
0.96611
0.933151
0.692291
0.895157
1.0714
0.764542
0.806351
1.15128
0.95726
0.810165
1.09924
1.09543
0.797501
1.10817
1.60011
1.54305
1.87782
2.51175
2.00584
1.10939
1.00418
0.853271
0.537567
0.740433
1.05614
0.873566
0.910339
1.39473
1.16264
0.914154
1.29196
1.36177
0.988922
1.20834
1.46317
0.995331
0.962296
1.25526
0.967407
0.83931
1.2793
1.28189
0.940781
1.23871
1.50246
0.992737
1.01814
1.55449
1.12083
0.860901
1.30722
1.35796
0.947113
1.24252
1.60896
1.11702
1.09802
1.57982
1.15509
0.900192
1.29959
1.25267
0.853271
0.996552
1.16264
0.849457
0.90271
1.16264
0.917969
0.773392
1.0321
0.985184
0.655518
0.781021
0.976257
0.699844
0.756912
1.07773
0.87738
0.7341
0.975037
0.990219
0.753098
0.906525
1.05614
0.75943
0.712509
1.07643
0.928116
0.781021
1.15128
1.17531
0.794983
0.991516
1.22353
0.852051
0.834274
1.22482
1.00922
0.838089
1.24886
1.22604
0.858383
1.00288
1.10054
0.83931
0.867233
1.12083
0.853271
0.685883
0.955963
0.996552
0.767059
0.923004
1.14365
0.806351
0.817795
1.18172
0.934448
0.684662
0.978851
0.931931
0.675812
0.955963
1.5316
1.3884
1.61156
2.11105
1.51512
0.83046
0.853271
0.83046
0.671997
0.920486
1.26411
0.952225
0.949631
1.37947
1.0891
0.87738
1.23619
1.20705
0.865936
1.20956
1.51512
0.972443
0.945816
1.40106
1.2616
0.935669
1.36681
1.44417
1.05873
1.22734
1.47461
1.06758
1.01936
1.46698
1.2413
0.990219
1.4061
1.49612
1.03462
1.31737
1.69266
1.12717
1.01433
1.43524
1.1348
0.977554
1.32118
1.27426
0.86853
1.05873
1.26282
0.802536
0.803833
1.16646
0.928116
0.756912
1.0067
0.990219
0.702438
0.898972
1.16013
0.806351
0.786057
1.04729
0.862198
0.74295
1.02196
1.00548
0.751877
0.961075
1.21468
0.864716
0.824127
1.13098
0.89386
0.684662
1.0067
1.08788
0.808945
0.967407
1.0688
0.802536
0.907822
1.27174
0.988922
0.791168
1.03081
1.12968
0.831757
0.933151
1.08276
0.774689
0.777206
1.08154
0.853271
0.694809
0.98259
0.930634
0.623779
0.840607
1.03844
0.745544
0.75943
1.05995
0.878677
0.729065
0.958557
0.935669
0.684662
1.05232
1.64955
1.53542
1.72562
2.03629
1.34018
0.740433
0.797501
0.801315
0.635223
0.90271
1.31226
0.928116
0.919189
1.36551
1.06247
0.857086
1.20193
1.23367
0.846939
0.991516
1.23116
0.90271
0.94841
1.37947
1.05743
0.846939
1.2159
1.22223
0.892563
1.18805
1.39214
0.939484
0.955963
1.46187
1.21468
0.940781
1.34651
1.38077
1.01555
1.32874
1.58615
1.09291
1.03584
1.46828
1.23497
0.917969
1.21971
1.19057
0.792389
0.97374
1.21208
0.905304
0.838089
1.08406
0.892563
0.707474
1.01181
0.988922
0.680847
0.83046
0.999069
0.708771
0.675812
1.02196
0.874863
0.735397
1.02066
1.03844
0.772171
0.920486
1.07643
0.787354
0.855789
1.25015
0.942078
0.769577
1.0321
1.03714
0.792389
1.01051
1.33133
0.848236
0.891342
1.35796
1.07521
0.850754
1.27296
1.37062
0.863419
0.999069
1.27678
0.88623
0.876083
1.15379
0.834274
0.727768
0.985184
0.977554
0.740433
0.985184
1.26534
0.845718
0.786057
1.11198
0.923004
0.784836
1.13098
1.10054
0.6707
0.873566
1.325
1.08154
1.35796
1.92215
1.46698
0.871048
0.871048
0.72525
0.443726
0.699844
1.01814
0.836792
0.897675
1.40106
1.16142
0.897675
1.31355
1.30089
0.900192
1.11572
1.40991
0.990219
0.916672
1.3871
1.19308
0.963593
1.52153
1.48727
0.977554
1.31226
1.50879
0.976257
0.95726
1.50497
1.29326
1.01685
1.47461
1.42769
0.988922
1.27548
1.53671
1.07895
1.1132
1.661
1.29326
0.897675
1.2616
1.29837
0.933151
1.18042
1.41121
0.887527
0.882416
1.18423
0.907822
0.7341
1.00418
0.990219
0.713806
0.854568
1.00922
0.720139
0.702438
1.04729
0.901489
0.658035
0.928116
1.00922
0.74173
0.910339
1.19057
0.907822
0.849457
1.11069
0.864716
0.685883
1.00418
1.06628
0.708771
0.881195
1.07262
0.83931
0.810165
1.17912
1.04218
0.82283
1.11702
1.17157
0.88501
1.10939
1.29578
0.821609
0.794983
1.19308
0.954742
0.75058
1.08154
1.10054
0.760727
0.978851
1.30722
0.857086
0.817795
1.15379
0.930634
0.718918
1.07643
1.10054
0.72525
0.904007
1.16524
0.912857
1.06628
1.75735
1.6407
1.22223
1.49864
1.15761
0.541382
0.535049
0.722656
0.612411
0.789871
1.31226
1.18042
0.978851
1.4061
1.325
0.887527
1.16013
1.44287
0.987701
1.10054
1.67999
1.42387
1.03462
1.51009
1.56715
1.01936
1.20071
1.47331
1.03844
1.0511
1.54175
1.18423
0.977554
1.58745
1.66985
1.1525
1.38199
1.66985
1.17409
1.18675
1.76239
1.37314
1.05492
1.55952
1.53923
1.02699
1.29707
1.5316
1.05492
1.01685
1.39595
1.0321
0.784836
1.04599
1.01685
0.674515
0.812683
0.985184
0.748062
0.775909
1.00418
0.772171
0.625076
0.876083
0.910339
0.715103
0.867233
1.12968
0.819092
0.778503
1.11198
0.930634
0.708771
0.947113
0.953445
0.685883
0.846939
1.05614
0.816498
0.788651
1.11572
0.97374
0.770874
1.06247
1.11198
0.791168
0.928116
1.15883
0.803833
0.801315
1.17157
0.925598
0.703659
0.939484
0.943298
0.675812
0.817795
0.985184
0.698624
0.690994
0.999069
0.811462
0.611115
0.945816
1.00922
0.669403
0.765762
0.873566
0.617447
0.682144
1.28563
1.39343
1.0714
1.40991
1.21338
0.584488
0.559158
0.702438
0.61615
0.731583
1.15379
0.978851
0.789871
1.1969
1.27296
0.841904
1.00288
1.23238
0.881195
0.898972
1.42258
1.17027
0.835571
1.19942
1.17279
0.869751
1.15128
1.52405
1.04729
1.0257
1.63055
1.30592
0.942078
1.34903
1.4505
1.00922
1.25526
1.52657
1.10435
1.02951
1.48849
1.29707
1.01303
1.4315
1.48979
0.907822
1.09924
1.46698
1.00418
0.933151
1.33003
1.00037
0.72525
0.949631
0.96611
0.688477
0.853271
0.983887
0.708771
0.721436
1.05232
0.887527
0.715103
0.999069
0.992737
0.694809
0.819092
0.985184
0.788651
0.770874
1.13098
0.947113
0.708771
1.008
1.0688
0.715103
0.860901
1.18423
0.846939
0.819092
1.14746
0.945816
0.749283
1.07895
1.14494
0.811462
1.04347
1.48476
1.01555
0.869751
1.25267
1.15379
0.869751
1.17912
1.1982
0.767059
0.888824
1.17661
0.855789
0.778503
1.07521
0.944595
0.796204
1.10306
1.11069
0.699844
0.791168
0.934448
0.666885
0.668182
1.10054
1.13602
1.10687
1.81061
1.81564
1.17157
1.0257
0.936966
0.59082
0.621262
1.07521
0.994034
0.803833
1.12206
1.18172
0.792389
0.904007
1.26793
0.878677
0.857086
1.33255
1.14235
0.869751
1.21849
1.33514
0.876083
1.01555
1.3681
1.00418
0.955963
1.42769
1.19308
0.874863
1.40739
1.53671
0.97374
1.21086
1.61659
1.08788
1.05995
1.63307
1.29707
0.995331
1.46317
1.56204
1.01685
1.25526
1.60515
1.03966
0.901489
1.3224
1.12587
0.849457
1.12335
1.09421
0.850754
1.15761
1.43906
0.954742
0.879898
1.24382
0.990219
0.81398
1.1145
1.12846
0.746765
0.871048
1.0498
0.808945
0.764542
1.06628
0.977554
0.732803
1.01685
1.10435
0.699844
0.820312
1.03966
0.775909
0.791168
1.18294
1.09291
0.836792
1.17027
1.23116
0.881195
1.07262
1.37314
1.04477
1.07521
1.77505
1.85623
1.81564
2.36465
2.42554
2.04514
2.52571
2.97073
2.38113
2.38495
3.08739
2.78687
2.21123
2.44331
2.11105
1.27678
1.41502
1.5316
0.914154
0.768356
0.985184
0.715103
0.526123
0.881195
1.07643
0.911636
1.08025
1.22604
0.701141
0.394287
0.465317
0.318222
0.267487
0.606003
0
0
