4404
1.1322
1.07773
1.22734
1.21086
1.05492
1.16142
1.16646
0.953445
0.955963
1.13861
1.08788
0.938263
1.00548
1.008
0.905304
1.03081
1.22353
1.15761
1.20575
1.36551
1.1982
0.976257
0.991516
0.939484
0.808945
0.841904
0.90271
0.844421
0.827942
0.910339
0.838089
0.789871
0.871048
0.852051
0.769577
0.848236
0.888824
0.812683
0.836792
0.954742
0.95726
0.925598
0.996552
0.955963
0.841904
0.953445
1.1145
0.943298
0.890045
1.03081
1.04729
0.978851
1.10054
1.01433
0.89386
1.03584
1.09673
0.952225
1.0067
1.14998
1.00288
0.923004
1.08788
1.09291
0.915451
0.97374
1.16394
1.03714
0.980072
1.04858
0.910339
0.87738
1.01051
0.975037
0.808945
0.786057
0.816498
0.770874
0.774689
0.890045
0.874863
0.81398
0.90271
0.953445
0.890045
0.925598
0.959778
0.841904
0.832977
0.959778
0.920486
0.841904
0.958557
0.983887
0.882416
0.953445
0.971222
0.901489
1.05873
1.19942
0.980072
0.874863
0.995331
0.955963
0.858383
0.924301
0.987701
0.862198
0.853271
0.939484
0.88501
0.900192
0.996552
0.954742
0.888824
0.961075
0.963593
0.850754
0.874863
0.986404
0.936966
0.926819
1.10054
1.05743
0.921783
0.980072
1.05743
0.949631
0.985184
1.05232
0.999069
0.934448
1.06377
0.986404
0.810165
0.901489
1.008
0.975037
0.981369
1.0701
1.02318
1.08154
1.4505
1.67236
1.63307
1.50124
1.24763
0.929337
0.96611
1.15379
0.991516
0.878677
0.975037
0.97374
0.907822
0.992737
1.06506
0.962296
0.94841
1.04218
0.938263
0.896378
1.11069
1.16013
0.98259
1.06758
1.24512
1.03333
1.04477
1.21849
1.15509
0.969925
1.02318
1.05362
1.008
1.10558
1.16142
1.01181
1.11198
1.29837
1.15379
0.997849
1.14746
1.18423
1.01936
1.13983
1.16394
0.935669
0.978851
1.20834
1.13983
1.03844
1.12206
1.06506
0.991516
1.00922
1.0257
0.900192
0.87738
0.962296
0.882416
0.80513
0.898972
0.909042
0.81398
0.88501
0.978851
0.867233
0.829163
0.944595
0.947113
0.835571
0.968704
1.02699
0.916672
0.978851
1.04599
0.90271
0.897675
0.996552
0.910339
0.824127
0.929337
0.954742
0.896378
0.986404
1.14365
0.981369
0.878677
0.904007
0.895157
0.876083
1.02196
0.96489
0.879898
1.02196
1.15128
0.991516
1.01555
1.17912
1.03584
0.955963
1.10558
1.14868
0.999069
1.06506
1.13098
0.991516
0.994034
1.17912
1.04858
0.980072
1.18546
1.23497
1.06377
1.11069
1.12717
0.958557
0.976257
1.1969
1.08406
0.930634
0.992737
1.02699
0.921783
1.00288
1.16524
1.00922
0.997849
1.20834
1.29326
1.38077
1.71806
1.82709
1.51642
1.26411
1.07391
0.909042
0.953445
1.12335
1.01685
0.909042
1.02196
1.0688
0.925598
0.955963
1.04858
0.947113
0.955963
1.10184
1.02448
0.953445
1.05995
1.07391
0.980072
1.16013
1.259
0.992737
0.967407
1.14868
1.08154
0.980072
1.1525
1.19186
1.03966
1.05614
1.07643
0.931931
0.930634
1.05873
0.980072
0.929337
1.09924
1.01685
0.808945
0.895157
1.01181
0.90271
0.873566
0.980072
0.907822
0.801315
0.862198
0.890045
0.808945
0.862198
0.904007
0.746765
0.756912
0.834274
0.718918
0.673218
0.789871
0.812683
0.730286
0.754395
0.792389
0.703659
0.781021
0.911636
0.863419
0.779724
0.901489
0.952225
0.802536
0.834274
0.914154
0.845718
0.874863
0.96611
0.906525
0.843124
0.963593
1.01433
0.897675
0.943298
1.07895
0.939484
0.897675
1.03584
0.98259
0.904007
1.00288
1.03966
0.914154
0.943298
1.03714
0.985184
0.954742
1.01936
0.954742
0.891342
0.971222
0.978851
0.88623
0.959778
1.14365
1.13602
1.01051
1.00166
0.910339
0.849457
0.930634
0.933151
0.803833
0.81398
0.897675
0.864716
0.854568
0.962296
0.905304
0.827942
0.947113
1.02196
1.04218
1.34781
1.69014
1.56204
1.28189
1.04858
0.857086
0.765762
0.869751
0.947113
0.901489
0.904007
0.953445
0.929337
0.953445
1.04218
0.987701
0.952225
1.21468
1.23749
0.981369
1.00548
1.19438
1.17409
1.0511
1.04218
1.07391
0.991516
1.04218
1.16646
1.03462
1.06758
1.24512
1.09802
1.008
1.22482
1.23238
1.07262
1.15509
1.14746
1.1145
1.17279
1.33003
1.10687
1.02066
1.30211
1.33636
1.08154
1.04599
1.05873
0.958557
0.981369
1.1322
1.01936
0.907822
0.930634
0.876083
0.848236
0.969925
1.01303
0.865936
0.810165
0.879898
0.819092
0.774689
0.855789
0.821609
0.798798
0.968704
0.977554
0.793686
0.81398
0.96611
0.947113
0.911636
0.94841
0.949631
0.933151
1.07391
1.08658
0.923004
0.929337
0.97374
0.887527
0.858383
0.955963
0.962296
0.920486
1.06506
1.18042
1.03844
0.996552
1.0511
0.906525
0.873566
1.04599
1.06125
0.972443
1.11198
1.23619
1.05995
1.16524
1.36047
1.17912
1.0067
1.03844
0.978851
0.90271
1.02699
1.07895
0.925598
0.923004
1.00166
0.944595
0.910339
1.05232
1.09291
0.995331
1.15761
1.37947
1.33766
1.52657
1.61911
1.18546
0.931931
0.919189
0.878677
0.843124
0.930634
0.947113
0.881195
0.921783
1.01433
0.904007
0.864716
0.977554
0.963593
0.826645
0.88501
0.977554
0.920486
0.961075
1.02699
0.938263
0.865936
1.008
1.14746
1.03462
0.990219
0.975037
0.910339
1.01814
1.19942
1.03584
0.921783
1.04347
1.0714
1.08154
1.19942
1.17912
0.988922
0.95726
1.09543
1.13098
1.12465
1.2413
1.0701
0.959778
1.11702
1.20323
1.02448
1.01555
1.08788
1.00166
0.95726
1.03333
0.953445
0.83931
0.896378
0.924301
0.826645
0.831757
0.985184
0.921783
0.872345
0.955963
0.929337
0.83046
0.895157
0.934448
0.858383
0.883713
0.978851
0.914154
0.891342
0.994034
0.95726
0.898972
0.980072
1.05873
0.944595
0.916672
0.96611
0.909042
0.86853
0.990219
0.978851
0.849457
0.910339
1.01051
0.936966
0.944595
1.03333
0.994034
1.00037
1.1145
1.05614
0.921783
0.987701
1.11198
1.02699
0.968704
1.01936
0.896378
0.878677
1.01814
1.01051
0.897675
0.949631
0.999069
0.919189
0.945816
1.1132
1.01685
1.01555
1.36681
1.55449
1.56586
1.69395
1.41754
0.88501
0.86853
1.00037
0.916672
0.83046
0.983887
1.10435
0.926819
0.916672
0.968704
0.944595
1.03966
1.14868
0.988922
0.907822
1.03081
1.02829
0.916672
0.975037
1.08025
0.995331
0.977554
1.10054
1.0498
1.01555
1.10435
1.07391
0.986404
1.09924
1.13861
0.947113
0.971222
1.14998
1.09802
1.04599
1.22986
1.2603
1.06247
1.12335
1.18042
1.03966
1.04858
1.15883
1.02699
0.952225
1.06506
1.1145
0.978851
0.999069
1.08536
0.950928
0.924301
0.988922
0.954742
0.867233
0.888824
0.900192
0.824127
0.853271
0.897675
0.819092
0.840607
0.967407
0.896378
0.832977
0.901489
0.909042
0.82283
0.900192
0.910339
0.772171
0.831757
1.02196
0.925598
0.840607
0.969925
0.969925
0.825424
0.873566
0.928116
0.864716
0.89386
0.983887
0.95726
0.945816
1.1145
1.09924
0.917969
0.955963
1.02066
0.931931
0.975037
1.10558
0.938263
0.846939
0.961075
1.00418
0.883713
0.919189
0.955963
0.840607
0.811462
0.88623
0.896378
0.916672
1.008
0.971222
0.980072
1.30211
1.62926
1.45302
1.06758
0.896378
0.744247
0.754395
0.890045
0.843124
0.703659
0.770874
0.876083
0.801315
0.781021
0.883713
0.882416
0.87738
0.978851
0.967407
0.871048
0.997849
1.10054
0.955963
0.909042
1.05873
1.02448
0.943298
1.07262
1.0688
0.958557
1.06377
1.22101
1.08025
1.10435
1.32622
1.259
1.14868
1.21468
1.15379
1.01181
1.06506
1.16264
1.09673
1.12846
1.33255
1.25267
1.12717
1.26793
1.21208
1.04347
1.07521
1.10558
0.972443
1.01051
1.10184
0.953445
0.88501
1.02829
0.980072
0.832977
0.90271
0.986404
0.876083
0.815277
0.921783
0.900192
0.825424
0.905304
0.981369
0.96489
1.04477
1.03714
0.935669
0.919189
0.985184
0.934448
0.923004
1.10817
1.1322
0.987701
1.08154
1.23871
1.05743
1.0257
1.16898
1.08658
1.04218
1.18294
1.14998
0.972443
1.03844
1.25778
1.16776
1.15128
1.37314
1.29959
1.1322
1.17912
1.07262
0.891342
0.906525
0.96611
0.949631
0.944595
1.04729
1.02699
0.94841
1.07521
1.16776
1.07895
1.22986
1.47461
1.51642
1.50497
1.4695
1.06758
0.845718
0.898972
0.952225
0.845718
0.887527
0.987701
0.923004
0.923004
1.08406
1.05492
0.942078
1.03584
1.10558
0.97374
0.991516
1.09924
1.04347
0.990219
1.10817
1.12968
1.0498
1.14616
1.17279
0.995331
1.02318
1.0891
0.985184
0.967407
1.14113
1.12206
1.00288
1.1348
1.12465
0.999069
1.03081
1.17409
1.08788
1.00037
1.09673
1.06628
0.950928
1.04858
1.0891
0.947113
0.934448
1.02318
0.987701
0.954742
1.01181
0.939484
0.810165
0.901489
0.971222
0.784836
0.778503
0.871048
0.791168
0.770874
0.878677
0.832977
0.756912
0.83046
0.863419
0.782318
0.815277
0.853271
0.783539
0.788651
0.904007
0.878677
0.857086
0.968704
0.992737
0.912857
0.912857
0.968704
0.891342
0.909042
1.06125
1.0511
0.925598
1.03462
1.15631
0.972443
1.01555
1.1525
1.03966
0.995331
1.0688
0.971222
0.860901
0.933151
1.00288
0.909042
0.906525
1.02448
0.992737
0.975037
1.03714
0.961075
0.88501
0.958557
1.16898
1.22734
1.3427
1.54175
1.29074
0.931931
0.864716
0.863419
0.872345
0.971222
1.00037
0.900192
0.954742
1.0321
0.906525
0.83046
0.917969
0.916672
0.848236
0.942078
1.0321
0.873566
0.849457
0.976257
0.997849
1.00166
1.01181
0.930634
0.855789
0.986404
1.11702
0.98259
0.978851
1.06247
0.999069
0.939484
1.07773
1.11954
1.05873
1.1145
1.09802
0.959778
1.05743
1.2603
1.17027
1.01303
1.05362
1.03584
0.97374
1.05995
1.12083
0.955963
0.988922
1.08788
0.944595
0.873566
1.01814
1.00288
0.890045
0.926819
0.928116
0.825424
0.852051
0.89386
0.810165
0.794983
0.953445
0.962296
0.859604
0.881195
0.917969
0.88623
0.943298
1.08406
0.997849
0.921783
0.952225
0.910339
0.840607
0.898972
0.943298
0.896378
0.990219
1.10939
0.958557
0.915451
1.04599
1.04599
0.914154
0.96611
1.008
0.938263
0.997849
1.13983
1.00418
0.897675
0.978851
0.981369
0.865936
0.910339
0.950928
0.848236
0.920486
1.02448
0.919189
0.869751
0.959778
0.952225
0.914154
1.12968
1.41502
1.44165
1.52657
1.35536
0.940781
0.841904
0.923004
0.874863
0.829163
0.987701
1.08025
0.928116
0.959778
1.0891
0.968704
0.947113
1.03966
0.983887
0.942078
1.0714
1.11832
1.06628
1.09169
1.15509
1.01685
1.01433
1.19308
1.11198
1.008
1.21719
1.2159
0.976257
1.0257
1.19308
1.0688
1.03584
1.18805
1.21338
1.13861
1.20956
1.17157
1.01303
1.16264
1.3224
1.1145
1.03714
1.16898
1.0714
0.95726
1.08536
1.1969
1.0321
0.997849
1.00288
0.926819
0.943298
1.00166
0.90271
0.816498
0.944595
1.0067
0.86853
0.874863
0.968704
0.852051
0.810165
0.892563
0.907822
0.869751
0.953445
0.943298
0.835571
0.955963
1.09924
0.953445
0.94841
1.16394
1.04095
0.887527
1.01936
1.05743
0.888824
0.921783
1.00548
0.911636
0.89386
1.04347
0.953445
0.838089
0.936966
1.01433
0.947113
0.987701
1.08276
0.887527
0.835571
0.926819
0.800018
0.703659
0.810165
0.838089
0.726471
0.737915
0.775909
0.693512
0.692291
0.772171
0.689697
0.663071
0.854568
0.98259
0.917969
0.985184
0.935669
0.674515
0.602264
0.685883
0.66185
0.658035
0.756912
0.730286
0.631409
0.736618
0.845718
0.758209
0.770874
0.912857
0.905304
0.850754
0.945816
0.931931
0.840607
0.914154
0.96489
0.905304
0.995331
1.15883
1.00922
0.978851
1.16524
1.20193
1.04347
1.20071
1.34521
1.16776
1.19438
1.42639
1.23367
1.17409
1.44539
1.43272
1.30211
1.44669
1.50879
1.24634
1.22734
1.44539
1.39595
1.20071
1.31859
1.29326
1.20705
1.39595
1.39091
1.11702
1.05362
1.18546
1.12083
1.0257
1.15128
1.09169
0.955963
1.1145
1.17912
0.917969
0.950928
1.259
1.18172
1.02699
1.14616
1.20575
1.03462
1.10558
1.23871
1.02196
0.968704
1.10306
1.03462
0.949631
1.13861
1.16646
0.97374
1.03584
1.17531
1.12335
1.20575
1.3681
1.19057
0.971222
1.18927
1.21971
1.01181
1.08788
1.25397
1.0701
1.08276
1.35666
1.26793
1.05873
1.14235
1.09673
0.962296
1.02066
1.09421
0.95726
0.972443
1.10306
1.0067
0.935669
1.09543
1.08406
0.904007
1.07521
1.39595
1.42006
1.60393
1.73706
1.23749
0.863419
0.916672
0.892563
0.762024
0.850754
0.929337
0.812683
0.800018
0.924301
0.900192
0.825424
0.901489
0.938263
0.83931
0.915451
0.96611
0.826645
0.825424
0.94841
0.909042
0.81398
0.938263
0.963593
0.827942
0.867233
0.969925
0.901489
0.912857
1.03333
0.95726
0.907822
0.990219
0.961075
0.854568
0.976257
1.11069
0.935669
0.876083
1.00166
1.02066
0.94841
1.13861
1.12968
0.912857
0.963593
1.01433
0.859604
0.862198
0.997849
0.917969
0.789871
0.883713
0.919189
0.807648
0.81398
0.848236
0.794983
0.836792
0.945816
0.857086
0.80513
0.901489
0.911636
0.800018
0.925598
1.06758
0.914154
0.843124
0.939484
0.959778
0.887527
0.942078
0.97374
0.867233
0.883713
0.949631
0.911636
0.934448
1.08154
0.96489
0.896378
1.02951
1.0688
0.921783
0.934448
1.02318
0.936966
0.930634
1.03462
0.919189
0.820312
0.96611
1.07895
0.959778
0.959778
0.990219
0.867233
0.897675
1.07895
1.04095
0.872345
0.895157
0.914154
0.824127
0.857086
0.912857
0.824127
0.815277
0.906525
0.864716
0.843124
0.990219
0.994034
0.892563
1.10687
1.55701
1.67366
1.71677
1.63307
1.05614
0.75943
0.820312
0.912857
0.838089
0.888824
0.925598
0.788651
0.767059
0.923004
0.936966
0.849457
0.931931
0.935669
0.827942
0.901489
0.990219
0.891342
0.887527
0.96489
0.871048
0.838089
1.04729
1.07773
0.942078
1.04858
1.20575
1.03714
1.02951
1.22101
1.09169
0.97374
1.16142
1.28189
1.08276
1.10435
1.17661
1.03081
1.06125
1.28311
1.18042
1.05743
1.28822
1.32874
1.11702
1.14113
1.21849
1.10184
1.0891
1.28441
1.09169
0.986404
1.18042
1.09291
0.896378
0.972443
1.07391
0.905304
0.917969
1.13098
1.03844
0.936966
1.07262
1.04858
0.912857
1.02196
1.12717
0.976257
0.945816
1.1525
1.04095
0.907822
1.008
1.04218
0.950928
1.05362
1.15128
0.968704
0.963593
1.21849
1.15379
1.0067
1.10939
1.16264
1.01433
1.06628
1.10558
0.968704
1.04729
1.21971
1.09291
1.00418
1.23238
1.20705
1.02829
1.18172
1.3871
1.19942
1.14998
1.40358
1.33766
1.04599
1.07521
1.07895
0.929337
0.995331
1.0714
0.90271
0.901489
1.06506
0.986404
0.896378
1.0257
1.008
0.911636
1.09291
1.46065
1.3858
1.57219
1.85623
1.4315
0.945816
0.923004
0.944595
0.901489
0.968704
1.03844
0.905304
0.90271
1.05492
0.990219
0.878677
0.991516
1.0067
0.852051
0.904007
1.03844
0.945816
0.976257
1.1335
0.98259
0.874863
1.07521
1.13861
0.944595
1.00166
1.1132
0.961075
0.907822
1.04729
1.02196
0.985184
1.1335
1.06758
0.904007
1.03714
1.20193
0.980072
0.947113
1.17531
1.09543
0.981369
1.1132
1.10054
0.945816
1.02448
1.14235
0.961075
0.897675
1.08658
1.10435
0.990219
1.03462
1.03462
0.878677
0.929337
1.02196
0.911636
0.87738
0.980072
0.867233
0.765762
0.88623
0.897675
0.782318
0.860901
1.04477
0.991516
0.931931
0.992737
0.915451
0.850754
1.01303
1.0321
0.883713
0.923004
1.02066
0.911636
0.911636
1.07262
1.08536
1.02196
1.12083
1.12587
0.950928
0.980072
1.06758
0.915451
0.919189
1.08276
1.03333
0.928116
1.03081
1.01814
0.874863
0.938263
1.07521
0.95726
0.947113
1.08536
0.96489
0.862198
1.00166
1.05995
0.88623
0.911636
0.994034
0.892563
0.888824
0.959778
0.850754
0.745544
0.883713
0.961075
0.794983
0.816498
0.940781
0.883713
0.853271
0.952225
0.898972
0.891342
1.31607
1.56464
1.43272
1.46828
1.27678
0.817795
0.735397
0.865936
0.882416
0.775909
0.854568
0.904007
0.803833
0.865936
0.980072
0.845718
0.800018
0.976257
0.938263
0.838089
0.925598
1.01685
0.898972
0.916672
1.01181
0.930634
0.929337
1.03966
0.936966
0.860901
1.10558
1.18546
0.90271
0.914154
1.07521
0.936966
0.917969
1.18546
1.13861
1.00922
1.14998
1.16776
0.950928
1.03081
1.23497
1.00288
0.935669
1.1525
1.12465
0.999069
1.05614
1.00166
0.896378
1.02448
1.16776
0.945816
0.869751
0.985184
0.962296
0.882416
0.969925
0.968704
0.808945
0.876083
0.983887
0.872345
0.843124
1.00166
0.963593
0.817795
0.977554
1.02448
0.879898
0.945816
1.12206
1.0257
1.01181
1.14494
1.00922
0.904007
1.0498
1.07521
0.895157
0.983887
1.1525
0.98259
0.914154
1.04729
0.977554
0.926819
1.07521
1.02196
0.852051
0.926819
1.01051
0.901489
0.853271
0.980072
0.947113
0.88623
1.0701
1.12335
0.923004
0.96489
1.14616
1.01303
0.980072
1.20193
1.12335
0.939484
1.06506
1.10054
0.90271
0.953445
1.09421
0.987701
0.926819
1.06758
1.04095
0.925598
1.04477
1.09421
0.962296
1.20453
1.661
1.61659
1.70029
1.92467
1.54305
0.949631
0.869751
0.938263
0.919189
0.990219
1.10184
0.928116
0.89386
1.07391
0.961075
0.819092
0.929337
1.0321
0.909042
0.874863
1.04347
1.04599
1.01051
1.22482
1.22604
1.00037
1.06506
1.12335
0.954742
0.976257
1.18042
1.12717
1.02699
1.18927
1.16898
1.05614
1.21849
1.27296
1.15631
1.25015
1.39214
1.1969
1.13861
1.37314
1.22604
0.98259
1.11198
1.30341
1.11702
1.03081
1.17912
1.09169
1.0067
1.23238
1.20323
1.01433
1.07643
1.12206
1.03333
1.0701
1.12968
0.925598
0.827942
1.00166
1.05232
0.892563
0.892563
1.01555
0.94841
0.983887
1.05873
0.952225
0.876083
1.03333
1.0511
0.88501
0.985184
1.08025
0.911636
0.949631
1.16524
0.967407
0.860901
1.0257
1.05995
0.896378
0.938263
0.983887
0.863419
0.911636
1.04858
0.936966
0.836792
1.03844
1.08658
0.933151
0.94841
0.996552
0.916672
0.939484
1.0714
1.00037
1.01433
1.22482
1.13731
0.87738
0.920486
1.00288
0.931931
0.920486
1.02699
0.997849
0.930634
1.07521
1.06758
0.841904
0.925598
1.09673
1.01303
1.17531
1.63559
1.70029
1.54816
1.52527
1.17912
0.825424
0.878677
0.985184
0.933151
0.981369
1.10687
0.949631
0.843124
0.987701
1.07262
0.942078
0.929337
0.926819
0.864716
0.926819
1.11702
1.01433
0.859604
0.975037
1.01303
0.929337
1.03584
1.1322
0.997849
0.98259
1.12968
1.00166
0.879898
1.0498
1.12717
0.958557
1.02196
1.1322
0.945816
0.939484
1.16646
1.1348
0.94841
1.06506
1.10054
0.968704
1.04599
1.1525
0.978851
0.936966
1.10558
1.01303
0.858383
0.96611
0.987701
0.834274
0.881195
0.976257
0.826645
0.782318
0.874863
0.811462
0.745544
0.858383
0.850754
0.772171
0.852051
0.935669
0.844421
0.82283
0.95726
0.916672
0.815277
0.939484
0.978851
0.86853
0.904007
0.968704
0.859604
0.83931
0.961075
0.920486
0.821609
0.929337
1.00037
0.928116
0.95726
1.00548
0.88501
0.860901
0.975037
0.97374
0.890045
0.995331
0.983887
0.876083
0.925598
1.02829
0.967407
0.96611
1.07521
0.963593
0.852051
0.971222
0.97374
0.836792
0.915451
0.98259
0.867233
0.83931
0.90271
0.852051
0.792389
0.942078
0.985184
0.961075
1.33133
1.661
1.48094
1.13861
0.947113
0.812683
0.778503
0.915451
0.920486
0.788651
0.867233
0.985184
0.864716
0.840607
0.961075
0.863419
0.789871
0.923004
0.971222
0.838089
0.910339
1.03584
0.991516
1.01685
1.14868
0.978851
0.892563
1.07262
1.08536
0.858383
0.883713
0.988922
0.905304
0.878677
1.00166
0.940781
0.883713
1.01303
1.01051
0.898972
1.03081
1.05232
0.82283
0.864716
1.13098
1.10306
0.97374
1.1348
1.17661
1.00288
1.08536
1.1322
0.914154
0.96489
1.11702
0.997849
0.858383
0.935669
0.928116
0.850754
0.921783
0.947113
0.807648
0.775909
0.914154
0.950928
0.933151
1.02829
0.987701
0.840607
0.911636
1.05743
0.929337
0.901489
1.02066
0.985184
0.961075
1.04218
1.00037
0.869751
0.958557
1.07773
0.999069
0.991516
1.12717
1.02318
0.901489
1.02066
1.03714
0.874863
0.928116
1.09169
0.990219
0.935669
1.02318
0.967407
0.920486
1.09543
1.14616
0.959778
0.961075
0.999069
0.854568
0.834274
1.04218
0.987701
0.820312
0.89386
0.981369
0.90271
0.917969
0.939484
0.853271
0.88623
1.02951
0.945816
0.923004
1.33385
1.64574
1.57219
1.63055
1.50497
0.999069
0.882416
1.02196
0.967407
0.872345
1.02066
1.03844
0.900192
0.911636
0.978851
0.914154
0.916672
1.03714
0.975037
0.905304
1.07262
1.15509
0.944595
1.01181
1.18042
0.997849
0.940781
1.14616
1.03714
0.944595
1.11069
1.10939
0.977554
1.1322
1.2603
1.0321
0.980072
1.16394
1.07521
0.931931
0.977554
1.00166
0.882416
0.929337
1.0714
0.929337
0.860901
0.962296
0.896378
0.783539
0.881195
0.904007
0.773392
0.803833
0.923004
0.824127
0.765762
0.846939
0.806351
0.736618
0.838089
0.931931
0.819092
0.829163
0.961075
0.892563
0.841904
0.962296
0.88623
0.817795
0.958557
1.11954
0.926819
0.921783
1.11198
1.09924
1.0498
1.25015
1.19057
1.00548
1.09673
1.1779
1.05362
1.08788
1.20323
1.01936
0.990219
1.21849
1.13602
0.972443
1.12587
1.22986
1.03584
1.12335
1.33003
1.08536
0.996552
1.20705
1.16394
1.01936
1.23497
1.35918
1.19438
1.23871
1.37695
1.17279
1.03462
1.17912
1.1132
0.958557
1.10558
1.1969
1.00288
1.01685
1.17661
0.985184
0.90271
1.04218
1.01051
0.910339
1.1132
1.35666
1.4061
1.71295
1.89301
1.37695
0.969925
0.976257
0.919189
0.807648
0.89386
0.936966
0.811462
0.834274
0.936966
0.871048
0.831757
0.944595
0.916672
0.772171
0.863419
0.977554
0.891342
0.891342
1.02448
0.944595
0.862198
0.963593
0.949631
0.874863
1.00037
1.0511
0.929337
0.985184
1.12335
1.02448
0.980072
1.14365
1.09673
0.978851
1.0498
1.13098
1.01433
1.09039
1.28944
1.09543
0.986404
1.15761
1.15761
1.05362
1.20956
1.18423
0.933151
0.980072
1.1779
1.00288
0.897675
0.96611
0.905304
0.808945
0.907822
0.987701
0.864716
0.906525
1.01814
0.871048
0.82283
0.975037
0.936966
0.825424
0.949631
1.008
0.83931
0.855789
1.03462
0.952225
0.955963
1.12083
1.04347
0.910339
1.04095
1.16898
0.983887
1.01555
1.16394
1.01936
0.940781
1.12083
1.13098
0.977554
1.03584
1.10687
0.995331
1.04095
1.23749
1.10687
1.00166
1.13098
1.08788
0.934448
1.05362
1.18805
1.03714
1.05614
1.18423
1.02066
0.981369
1.26411
1.2616
1.00548
1.01555
1.03462
0.911636
0.944595
1.08658
0.997849
0.915451
1.05873
1.03462
0.860901
0.950928
1.08536
0.906525
0.873566
1.0067
1.02066
1.05492
1.46446
1.70151
1.54175
1.35536
1.0321
0.753098
0.718918
0.881195
0.863419
0.786057
0.860901
0.835571
0.715103
0.782318
0.863419
0.787354
0.832977
0.944595
0.857086
0.784836
0.909042
0.909042
0.775909
0.858383
0.983887
0.869751
0.872345
0.980072
0.895157
0.840607
1.01814
1.05614
0.879898
0.929337
0.967407
0.826645
0.848236
1.01433
0.953445
0.905304
1.06125
1.00418
0.897675
1.00548
1.05492
0.876083
0.881195
1.00418
0.910339
0.848236
0.934448
0.878677
0.775909
0.849457
0.878677
0.7341
0.769577
0.916672
0.784836
0.683365
0.834274
0.838089
0.720139
0.806351
0.911636
0.797501
0.794983
0.88501
0.829163
0.826645
0.967407
0.940781
0.852051
0.972443
1.05362
0.942078
0.996552
1.13861
1.008
0.942078
1.10184
1.05362
0.901489
1.0511
1.21719
0.97374
0.975037
1.17279
1.01685
0.991516
1.26411
1.15128
0.947113
1.03081
1.10558
0.971222
0.985184
1.17531
1.09673
1.02951
1.20071
1.07895
0.912857
1.01814
1.10687
0.890045
0.959778
1.22223
1.1335
1.01433
1.24634
1.21719
0.96611
1.05873
1.17661
0.994034
0.96611
1.08154
0.975037
0.920486
1.10054
1.11832
0.950928
1.04858
1.17531
1.04095
1.17409
1.576
1.63818
1.60896
1.64574
1.16524
0.826645
0.897675
1.01685
0.917969
0.939484
1.0498
0.971222
0.911636
1.0511
1.0498
0.925598
1.07773
1.15883
0.924301
0.934448
1.06247
0.930634
0.90271
1.13731
1.18927
1.05995
1.1348
1.19057
0.985184
1.05232
1.28311
1.11954
0.934448
1.04858
1.05492
0.920486
1.01555
1.22604
1.0498
1.01433
1.24512
1.17409
1.07773
1.25526
1.21338
1.00922
1.16646
1.28311
1.04218
1.03844
1.24634
1.11572
0.985184
1.12717
1.07773
0.901489
0.936966
1.00922
0.862198
0.872345
1.08154
0.961075
0.863419
0.96611
0.938263
0.81398
0.854568
0.909042
0.792389
0.793686
0.972443
0.926819
0.87738
1.06506
1.0701
0.864716
0.952225
1.09039
0.945816
0.887527
1.01685
0.96489
0.841904
0.950928
0.971222
0.881195
0.94841
1.09543
0.963593
0.962296
1.06758
0.94841
0.87738
1.01433
1.03462
0.926819
0.98259
1.03714
0.882416
0.841904
0.936966
0.914154
0.87738
1.07773
1.14616
0.975037
1.06125
1.12206
0.901489
0.892563
1.06125
1.00548
0.878677
0.972443
1.04347
0.914154
0.959778
1.06377
0.95726
0.934448
1.14113
1.22482
1.31607
1.62674
1.61789
1.1969
0.978851
0.934448
0.782318
0.807648
0.961075
0.925598
0.840607
0.928116
0.867233
0.732803
0.827942
0.926819
0.811462
0.821609
0.967407
0.900192
0.800018
0.910339
0.911636
0.820312
0.891342
0.971222
0.821609
0.835571
0.997849
0.936966
0.824127
0.978851
1.03081
0.901489
0.967407
1.0257
0.89386
0.88623
1.02829
1.01685
0.95726
1.12587
1.14616
0.955963
1.05995
1.24886
1.0498
0.983887
1.05232
0.999069
1.01814
1.18927
1.10184
0.887527
0.939484
1.01936
0.87738
0.863419
0.955963
0.863419
0.783539
0.907822
0.926819
0.831757
0.910339
0.926819
0.779724
0.815277
0.963593
0.881195
0.841904
1.00922
1.00037
0.890045
0.999069
1.08154
0.920486
0.942078
1.10435
0.997849
0.881195
1.02448
1.04095
0.912857
1.01814
1.11069
0.917969
0.930634
1.10184
1.01555
0.921783
1.07643
1.05873
0.890045
0.977554
1.09543
0.955963
0.963593
1.18294
0.996552
0.883713
1.06125
1.10054
0.947113
1.04858
1.1779
0.940781
0.890045
1.01814
0.931931
0.836792
0.969925
0.980072
0.867233
0.94841
1.04347
0.90271
0.944595
1.08276
0.990219
0.963593
1.3858
1.65718
1.55952
1.56586
1.42258
0.971222
0.836792
0.953445
0.929337
0.883713
0.98259
0.963593
0.83046
0.873566
1.00288
0.907822
0.883713
1.02318
0.924301
0.871048
1.12587
1.10687
0.916672
1.03333
1.16394
0.96611
0.975037
1.09169
0.959778
0.915451
1.17661
1.25778
0.977554
1.01303
1.17409
1.04858
1.05995
1.30852
1.08536
0.919189
1.09924
1.14868
0.992737
1.09543
1.22482
1.02699
1.04218
1.22101
1.08788
0.972443
1.16898
1.14494
0.929337
1.03714
1.18927
0.949631
0.887527
0.961075
0.876083
0.829163
0.981369
0.95726
0.760727
0.853271
1.00548
0.844421
0.815277
0.988922
0.916672
0.815277
0.954742
0.958557
0.802536
0.883713
1.02448
0.88623
0.86853
1.05995
1.05232
0.947113
1.01303
0.96489
0.827942
0.994034
1.14113
0.94841
0.94841
1.1145
1.01685
0.942078
1.1335
1.10558
0.907822
0.995331
1.13861
0.954742
0.936966
1.15631
1.10054
0.94841
1.11832
1.18423
0.999069
1.14868
1.31989
1.03966
1.00037
1.25778
1.22482
1.02829
1.17912
1.1525
0.930634
1.01181
1.13983
0.996552
1.01051
1.19438
1.06758
0.888824
0.96489
0.977554
0.865936
1.0067
1.23871
1.15631
1.37184
1.91582
1.85753
1.30089
1.02318
0.921783
0.820312
0.920486
1.0257
0.872345
0.844421
0.988922
0.907822
0.807648
0.947113
0.978851
0.855789
0.935669
1.05873
0.867233
0.863419
1.18172
1.12465
0.933151
1.01814
1.01936
0.904007
1.04347
1.18675
0.959778
0.947113
1.09291
1.0257
0.975037
1.25015
1.27296
0.977554
0.999069
1.22353
1.03966
0.994034
1.20575
1.07895
0.945816
1.12083
1.15761
0.978851
1.06377
1.1982
0.975037
0.988922
1.18927
1.05232
0.923004
1.10306
1.07643
0.820312
0.858383
0.934448
0.787354
0.794983
1.00418
0.897675
0.767059
0.890045
0.938263
0.800018
0.836792
0.924301
0.845718
0.83046
0.969925
0.892563
0.796204
0.980072
1.03966
0.86853
0.915451
1.03333
0.87738
0.882416
1.01936
0.943298
0.852051
1.02699
1.05232
0.882416
0.930634
1.08788
0.969925
0.96489
1.04095
0.907822
0.838089
1.01433
1.02951
0.874863
0.958557
1.0701
0.888824
0.873566
1.08536
1.04599
0.914154
1.02066
1.02699
0.854568
0.942078
1.11954
0.96611
0.983887
1.27678
1.17279
0.961075
1.0701
1.16776
1.00288
1.06628
1.14616
0.900192
0.807648
1.01303
1.00166
0.864716
0.983887
1.02951
0.853271
0.89386
1.0257
1.00166
1.21338
1.70532
1.7041
1.46828
1.3871
1.06125
0.75943
0.793686
0.89386
0.811462
0.764542
0.882416
0.883713
0.848236
1.04858
1.07895
0.910339
0.977554
1.1132
0.926819
0.869751
1.03966
0.976257
0.891342
1.03584
1.14746
0.977554
0.992737
1.02699
0.916672
0.949631
1.11572
1.008
0.925598
1.14113
1.18423
0.912857
0.978851
1.27174
1.14113
1.07773
1.23619
1.11832
1.01936
1.24512
1.23619
0.949631
1.01685
1.14868
0.938263
0.95726
1.22986
1.10939
0.940781
1.11954
1.11832
0.843124
0.911636
1.03966
0.863419
0.819092
0.926819
0.850754
0.755692
0.848236
0.873566
0.773392
0.853271
0.953445
0.825424
0.860901
1.05492
0.955963
0.834274
0.949631
0.994034
0.824127
0.888824
0.988922
0.888824
0.858383
0.997849
0.939484
0.86853
1.05492
1.07643
0.872345
0.909042
1.04347
0.924301
0.917969
1.10558
0.983887
0.848236
1.04218
1.0688
0.887527
0.976257
1.10054
0.933151
0.968704
1.17661
1.05362
0.896378
1.08536
1.12206
0.898972
0.958557
1.07262
0.950928
0.938263
1.17157
1.05873
0.926819
1.12206
1.15761
0.987701
1.16142
1.27426
0.914154
0.860901
1.10687
1.02829
0.890045
1.04858
1.04347
0.876083
0.96489
1.16142
0.975037
0.901489
1.05362
1.07643
1.04477
1.48598
1.79794
1.65337
1.53038
1.2793
0.895157
0.846939
1.02951
0.943298
0.793686
0.911636
0.986404
0.844421
0.901489
1.07391
0.938263
0.873566
1.08154
0.97374
0.858383
1.00166
1.06628
0.943298
0.95726
1.0891
0.997849
0.975037
1.21971
1.13098
0.95726
1.0891
1.15379
1.0257
1.04347
1.20323
1.0688
1.03462
1.29196
1.1956
0.981369
1.19308
1.35536
1.05614
1.10435
1.24512
1.02951
1.01303
1.30211
1.21208
0.954742
1.12465
1.23116
1.01814
1.08025
1.18675
0.938263
0.874863
0.997849
0.923004
0.767059
0.865936
0.935669
0.735397
0.737915
0.907822
0.864716
0.844421
0.962296
0.900192
0.800018
0.910339
0.898972
0.782318
0.854568
0.975037
0.857086
0.791168
0.940781
0.914154
0.827942
0.961075
0.97374
0.825424
0.879898
1.01433
0.907822
0.869751
1.02448
0.969925
0.849457
0.955963
1.0511
0.905304
0.947113
1.05614
0.906525
0.854568
1.0321
0.995331
0.86853
1.01303
1.07391
0.925598
0.959778
1.0498
0.841904
0.841904
1.17157
1.17409
0.944595
1.05362
1.22864
0.996552
0.939484
1.03081
1.00288
0.958557
1.06506
0.978851
0.838089
0.976257
1.00037
0.834274
0.888824
1.13602
1.02699
0.971222
1.35414
1.48979
1.38199
1.69266
1.58485
0.944595
0.80513
0.909042
0.832977
0.820312
1.00548
0.996552
0.836792
0.923004
1.02318
0.873566
0.910339
1.06628
0.986404
0.90271
1.04599
0.995331
0.852051
0.98259
1.08788
0.917969
0.967407
1.17027
1.0067
0.949631
1.16524
1.19186
0.991516
1.12587
1.14746
0.967407
1.06125
1.30089
1.09039
0.987701
1.24512
1.23367
1.00288
1.10435
1.29074
1.06628
1.04347
1.23367
1.07521
0.969925
1.10306
1.12846
0.991516
1.01685
1.02951
0.88623
0.959778
1.08406
0.917969
0.827942
0.911636
0.874863
0.746765
0.855789
0.897675
0.774689
0.801315
0.944595
0.815277
0.753098
0.950928
1.00922
0.860901
0.905304
0.915451
0.751877
0.834274
1.02951
0.917969
0.812683
0.971222
0.98259
0.848236
0.94841
0.999069
0.83931
0.897675
1.0891
0.910339
0.811462
0.961075
0.988922
0.901489
1.01303
1.03584
0.865936
0.900192
1.06506
0.977554
0.892563
1.01936
1.05362
0.947113
1.06758
1.12587
0.919189
0.96611
1.18042
1.0321
0.925598
1.03081
1.03081
0.923004
1.03462
1.09924
0.873566
0.882416
1.10939
1.00418
0.909042
0.994034
0.94841
0.854568
0.961075
1.09291
1.09802
1.40862
1.80801
1.50497
1.07895
1.008
0.904007
0.802536
0.931931
1.01685
0.871048
0.882416
0.997849
0.892563
0.831757
0.944595
0.901489
0.808945
0.935669
1.00922
0.873566
0.90271
1.08276
0.950928
0.887527
1.1348
1.16264
0.923004
1.05362
1.23116
1.02066
1.04218
1.24252
1.08276
1.01685
1.24001
1.22482
1.03966
1.14868
1.2616
1.04729
1.10687
1.31989
1.12587
0.986404
1.28311
1.2159
0.971222
1.13983
1.30722
1.05614
1.02951
1.21086
1.04858
0.98259
1.04347
0.931931
0.81398
0.88623
0.904007
0.767059
0.82283
0.917969
0.824127
0.763245
0.920486
0.901489
0.773392
0.895157
0.940781
0.758209
0.765762
0.925598
0.87738
0.845718
1.00166
0.929337
0.772171
0.920486
1.01555
0.879898
0.849457
1.02066
0.950928
0.872345
0.978851
0.909042
0.788651
0.940781
1.04347
0.854568
0.862198
1.01685
0.939484
0.883713
1.06247
1.03462
0.88623
0.947113
1.01433
0.890045
0.873566
1.02196
0.931931
0.876083
1.02448
1.06125
0.904007
1.01051
1.14868
1.01555
1.0701
1.20956
1.01051
0.931931
1.08658
1.0701
0.901489
0.955963
1.01303
0.915451
0.923004
1.01433
0.942078
0.88623
1.0891
1.0688
0.923004
1.12465
1.50246
1.52908
1.66985
1.7865
1.26411
0.912857
0.981369
0.94841
0.825424
0.898972
0.985184
0.844421
0.791168
0.953445
0.97374
0.919189
0.980072
0.958557
0.864716
0.992737
1.12846
0.961075
0.907822
1.02829
0.992737
0.930634
1.0688
1.03966
0.923004
1.10817
1.18675
0.947113
0.953445
1.14998
1.03333
0.930634
1.13731
1.23619
1.05614
1.08788
1.22734
1.13602
1.20193
1.30211
1.14494
1.0714
1.28189
1.19942
0.934448
1.05873
1.2793
1.0688
1.02699
1.19308
1.0067
0.930634
1.09543
1.0321
0.840607
0.969925
1.07521
0.88501
0.843124
0.916672
0.859604
0.854568
0.976257
0.928116
0.770874
0.88623
1.06628
0.938263
0.876083
0.996552
0.911636
0.862198
0.994034
0.955963
0.826645
0.962296
1.04729
0.859604
0.852051
1.08154
1.008
0.939484
1.11572
0.987701
0.778503
0.943298
1.14746
0.96611
0.878677
1.01303
0.992737
0.952225
1.08276
1.0511
0.821609
0.926819
1.07773
0.967407
0.971222
1.12465
0.963593
0.86853
0.999069
1.05232
0.958557
1.05743
1.17027
0.950928
0.955963
1.20705
1.09802
0.94841
1.06628
1.12083
0.928116
0.98259
1.03966
0.853271
0.89386
1.06628
0.95726
0.836792
0.986404
1.03333
0.853271
0.949631
1.09291
1.05362
1.31737
1.83212
1.71677
1.2616
1.09543
0.980072
0.844421
0.950928
0.999069
0.819092
0.821609
0.996552
0.936966
0.836792
0.980072
0.985184
0.852051
0.959778
1.02448
0.850754
0.944595
1.18042
1.03333
0.869751
1.00288
1.05614
0.938263
1.04599
1.14616
0.934448
0.919189
1.1132
1.04095
0.947113
1.05362
1.00922
0.901489
1.1348
1.39214
1.0688
0.955963
1.12846
1.06506
1.02448
1.27296
1.15761
0.88623
1.02196
1.28189
1.04347
0.981369
1.07895
0.94841
0.935669
1.14113
1.08406
0.846939
0.853271
0.904007
0.792389
0.815277
0.911636
0.806351
0.732803
0.931931
0.944595
0.739136
0.820312
0.953445
0.874863
0.892563
0.969925
0.867233
0.844421
1.05743
1.07521
0.914154
0.975037
1.09169
0.930634
0.934448
1.14113
1.02318
0.840607
0.968704
1.03966
0.925598
1.02951
1.08025
0.855789
0.862198
1.04477
1.01051
0.930634
1.0714
1.03714
0.878677
0.985184
1.14746
0.98259
0.961075
1.14365
0.994034
0.853271
1.01303
1.0498
0.904007
1.0067
1.16013
0.936966
0.909042
1.09039
1.0511
0.975037
1.1779
1.22864
0.980072
1.09169
1.23116
0.985184
0.901489
1.05492
0.961075
0.882416
1.0257
1.00418
0.844421
0.98259
1.21208
0.967407
0.897675
1.01051
0.947113
0.955963
1.3884
1.74088
1.595
1.64452
1.46187
0.928116
0.836792
1.00418
0.949631
0.827942
0.921783
0.952225
0.836792
0.94841
1.02448
0.879898
0.863419
1.0257
0.994034
0.906525
1.03844
1.05232
0.906525
1.01433
1.11198
0.944595
0.949631
1.18423
1.0257
0.907822
1.14494
1.18675
0.983887
1.07895
1.21086
1.02196
1.0321
1.33133
1.17409
1.00166
1.15379
1.15883
1.00548
1.15883
1.35666
1.09039
1.00037
1.30974
1.26411
1.10558
1.20193
1.20323
0.980072
1.0688
1.18294
0.959778
0.97374
1.19438
0.999069
0.820312
0.972443
1.04218
0.919189
0.935669
0.999069
0.892563
0.879898
0.975037
0.887527
0.792389
0.98259
0.992737
0.860901
0.952225
1.10939
0.926819
0.907822
1.09802
0.983887
0.853271
1.02448
1.09169
0.896378
0.958557
1.10054
0.896378
0.821609
0.952225
0.901489
0.863419
0.994034
1.01051
0.88623
0.98259
1.12335
0.926819
0.879898
1.00548
0.890045
0.764542
0.914154
0.953445
0.835571
0.914154
1.02318
0.857086
0.836792
1.01555
0.952225
0.860901
1.06758
1.17912
0.949631
0.96489
1.12335
1.00037
0.920486
1.01433
0.988922
0.900192
1.02318
1.07521
0.897675
0.920486
1.02196
0.906525
0.916672
1.06506
0.96489
0.900192
1.19438
1.46187
1.45683
1.60645
1.46568
0.940781
0.86853
1.11069
1.04095
0.87738
1.0701
1.12968
0.88501
0.907822
1.03333
0.919189
1.01303
1.30974
1.20705
0.995331
1.11832
1.16776
0.990219
1.05232
1.12968
1.008
1.0498
1.3224
1.18805
0.980072
1.09802
1.12083
0.926819
0.959778
1.09169
0.983887
0.983887
1.20193
1.1348
0.988922
1.11702
1.17912
1.01685
1.08536
1.15631
0.926819
0.901489
1.0701
1.01936
0.87738
1.02699
1.08788
0.878677
0.883713
1.0067
0.919189
0.858383
0.896378
0.784836
0.688477
0.816498
0.840607
0.707474
0.739136
0.824127
0.754395
0.775909
0.904007
0.832977
0.722656
0.838089
0.869751
0.755692
0.83046
1.00418
0.90271
0.850754
0.985184
0.959778
0.840607
0.89386
0.968704
0.862198
0.916672
1.008
0.909042
0.896378
1.03462
0.975037
0.901489
1.05492
1.0891
0.921783
0.997849
1.0714
0.897675
0.88623
1.1145
1.03462
0.865936
1.0067
1.10817
0.936966
0.980072
1.20956
1.06377
0.958557
1.14998
1.10054
0.961075
1.0701
1.05492
0.915451
0.96489
1.08536
0.942078
0.867233
1.00037
0.987701
0.892563
1.02318
1.09039
0.924301
1.03844
1.29326
1.28059
1.48346
1.73706
1.33766
0.891342
0.872345
0.88501
0.808945
0.909042
1.02951
0.900192
0.867233
1.01051
0.953445
0.838089
0.947113
0.978851
0.838089
0.901489
1.0257
0.892563
0.891342
1.08788
0.995331
0.872345
1.04858
1.1145
0.914154
0.983887
1.17279
0.975037
0.943298
1.14868
1.02829
0.915451
1.0891
1.16142
1.01051
1.1132
1.23497
1.01433
0.992737
1.24252
1.15128
0.969925
1.1982
1.35666
1.02829
0.999069
1.14868
1.00418
0.938263
1.16898
1.09169
0.917969
1.01685
0.942078
0.777206
0.873566
1.03081
0.850754
0.767059
0.926819
0.88501
0.772171
0.892563
0.952225
0.788651
0.83046
0.938263
0.783539
0.74295
0.943298
0.947113
0.834274
0.955963
0.963593
0.821609
0.910339
1.06506
0.935669
0.846939
0.987701
0.96611
0.87738
1.04347
1.07391
0.832977
0.849457
1.03462
0.945816
0.897675
1.10054
1.07643
0.933151
1.08154
1.13602
0.911636
0.980072
1.16524
0.976257
0.921783
1.16776
1.15509
0.96489
1.12206
1.13098
0.924301
0.978851
1.14868
0.945816
0.859604
1.01555
1.02066
0.897675
1.03081
1.0498
0.860901
0.907822
1.04095
0.925598
0.953445
1.39091
1.58615
1.57219
1.77635
1.43654
0.90271
0.891342
0.992737
0.825424
0.808945
1.01936
0.967407
0.820312
0.963593
0.996552
0.821609
0.892563
1.04347
0.904007
0.904007
1.1335
1.0511
0.896378
1.02318
1.16898
0.934448
0.939484
1.10184
1.0067
0.961075
1.10687
1.04858
0.938263
1.15379
1.28693
1.0067
1.08536
1.38329
1.17157
1.07391
1.26915
1.16264
0.97374
1.20323
1.31226
1.01051
1.02066
1.29326
1.09543
0.995331
1.19186
1.0688
0.897675
1.00037
1.03081
0.843124
0.853271
0.933151
0.81398
0.764542
0.890045
0.827942
0.716324
0.829163
0.881195
0.740433
0.782318
0.90271
0.835571
0.786057
0.929337
0.904007
0.819092
0.945816
0.97374
0.834274
0.87738
1.008
0.910339
0.865936
1.04218
1.00288
0.897675
1.03333
1.07262
0.921783
0.969925
1.19308
1.01181
0.890045
1.01814
1.00922
0.876083
1.01814
1.10184
0.924301
0.992737
1.14998
0.976257
0.936966
1.18294
1.10687
0.934448
1.06506
1.1348
0.976257
1.11954
1.26534
0.971222
0.892563
1.05743
1.01555
0.879898
1.00548
1.08536
0.86853
0.909042
1.05995
0.917969
0.862198
1.03966
1.03844
0.934448
1.20323
1.58615
1.58615
1.68762
1.6597
1.03462
0.798798
0.935669
0.915451
0.803833
0.954742
1.07643
0.862198
0.858383
1.03714
0.933151
0.857086
1.02318
0.991516
0.838089
0.953445
1.01303
0.887527
0.915451
1.08658
0.986404
0.940781
1.14494
1.05995
0.88623
1.02448
1.15631
0.991516
1.02448
1.22223
0.988922
0.961075
1.28311
1.22482
1.00548
1.15128
1.24252
1.04347
1.0688
1.29578
1.1335
0.995331
1.20323
1.18675
0.978851
1.09169
1.22864
1.01303
1.0067
1.1956
1.02066
0.917969
1.02196
0.933151
0.803833
0.926819
0.976257
0.791168
0.789871
0.924301
0.863419
0.817795
0.97374
0.954742
0.834274
0.911636
0.952225
0.831757
0.900192
1.05492
0.905304
0.819092
1.01555
1.02318
0.860901
0.949631
1.01181
0.836792
0.840607
1.00166
0.975037
0.912857
1.0714
0.987701
0.82283
0.895157
0.983887
0.938263
0.980072
1.16142
0.975037
0.83046
1.02066
1.04347
0.909042
1.0257
1.13098
0.938263
0.968704
1.12587
0.988922
0.900192
1.03462
1.04095
0.934448
1.11702
1.25267
0.996552
0
