0.810165
0.835571
1.526566
1.037140
0.711288
1.337662
1.311035
0.708771
1.072617
1.516418
0.813980
0.841904
1.534195
1.038437
0.709991
1.335144
1.311035
0.703659
1.059952
1.492310
0.796204
0.820312
1.493607
1.010513
0.694809
1.299591
1.271744
0.682144
1.033325
1.470795
0.788651
0.813980
1.480942
1.004181
0.693512
1.309738
1.280594
0.688477
1.048584
1.488495
0.800018
0.827942
1.513901
1.025696
0.712509
1.342697
1.308517
0.703659
1.067581
1.508789
0.806351
0.832977
1.516418
1.025696
0.704956
1.319885
1.288223
0.699844
1.066284
1.503754
0.805130
0.827942
1.515121
1.028290
0.715103
1.337662
1.294556
0.699844
1.063766
1.496124
0.798798
0.822830
1.506271
1.021957
0.706177
1.317368
1.280594
0.693512
1.056137
1.485977
0.792389
0.819092
1.497421
1.009216
0.696030
1.307220
1.270447
0.688477
1.053619
1.477127
0.788651
0.819092
1.493607
1.007996
0.698624
1.308517
1.270447
0.690994
1.058731
1.488495
0.793686
0.826645
1.508789
1.019363
0.703659
1.327515
1.289444
0.697327
1.065063
1.487274
0.794983
0.830460
1.511383
1.019363
0.708771
1.330032
1.283112
0.693512
1.065063
1.497421
0.801315
0.835571
1.515121
1.019363
0.713806
1.341476
1.294556
0.699844
1.070099
1.502457
0.802536
0.840607
1.524048
1.024475
0.715103
1.347809
1.295776
0.698624
1.075211
1.507568
0.805130
0.841904
1.522751
1.021957
0.711288
1.335144
1.285629
0.696030
1.066284
1.492310
0.793686
0.825424
1.502457
1.009216
0.703659
1.322403
1.271744
0.685883
1.056137
1.482162
0.789871
0.826645
1.498642
1.004181
0.703659
1.316071
1.262817
0.687180
1.056137
1.475830
0.786057
0.820312
1.498642
1.006699
0.707474
1.328735
1.280594
0.692291
1.062469
1.484756
0.794983
0.839310
1.522751
1.019363
0.709991
1.340179
1.288223
0.699844
1.070099
1.485977
0.791168
0.832977
1.508789
1.010513
0.704956
1.327515
1.275482
0.692291
1.058731
1.474609
0.786057
0.830460
1.508789
1.009216
0.704956
1.323700
1.271744
0.690994
1.062469
1.478348
0.786057
0.827942
1.499939
0.997849
0.703659
1.328735
1.271744
0.688477
1.054916
1.474609
0.789871
0.835571
1.511383
1.007996
0.712509
1.342697
1.286926
0.696030
1.071396
1.488495
0.793686
0.834274
1.511383
1.010513
0.713806
1.341476
1.280594
0.698624
1.073914
1.487274
0.791168
0.836792
1.516418
1.011810
0.712509
1.340179
1.279297
0.696030
1.076431
1.489792
0.792389
0.836792
1.516418
1.013031
0.715103
1.343994
1.275482
0.694809
1.076431
1.480942
0.787354
0.831757
1.510086
1.005478
0.706177
1.331329
1.267929
0.692291
1.067581
1.472015
0.782318
0.830460
1.504974
1.001663
0.706177
1.333847
1.271744
0.693512
1.072617
1.477127
0.781021
0.834274
1.512604
1.006699
0.712509
1.347809
1.281891
0.697327
1.080246
1.489792
0.791168
0.844421
1.524048
1.010513
0.713806
1.346512
1.279297
0.694809
1.076431
1.492310
0.786057
0.839310
1.513901
1.000366
0.708771
1.337662
1.269150
0.688477
1.067581
1.475830
0.784836
0.839310
1.511383
0.999069
0.709991
1.340179
1.270447
0.692291
1.073914
1.483459
0.783539
0.832977
1.510086
0.997849
0.712509
1.340179
1.265335
0.692291
1.078949
1.483459
0.783539
0.834274
1.511383
0.999069
0.709991
1.337662
1.261597
0.689697
1.075211
1.480942
0.782318
0.830460
1.510086
1.001663
0.713806
1.347809
1.267929
0.693512
1.081543
1.482162
0.786057
0.840607
1.517715
1.000366
0.708771
1.338882
1.264114
0.693512
1.080246
1.477127
0.782318
0.838089
1.507568
0.995331
0.708771
1.345215
1.270447
0.697327
1.089096
1.484756
0.786057
0.846939
1.522751
1.005478
0.715103
1.357956
1.275482
0.697327
1.090393
1.482162
0.786057
0.850754
1.518936
1.000366
0.718918
1.359177
1.276779
0.696030
1.090393
1.489792
0.787354
0.848236
1.520233
0.999069
0.716324
1.357956
1.270447
0.693512
1.086578
1.487274
0.786057
0.848236
1.512604
0.986404
0.712509
1.354141
1.267929
0.692291
1.087875
1.480942
0.783539
0.846939
1.515121
0.992737
0.713806
1.350327
1.256485
0.690994
1.086578
1.475830
0.778503
0.839310
1.504974
0.980072
0.708771
1.342697
1.250153
0.687180
1.084061
1.475830
0.781021
0.844421
1.508789
0.983887
0.707474
1.337662
1.245117
0.685883
1.081543
1.468277
0.774689
0.840607
1.510086
0.983887
0.708771
1.350327
1.262817
0.696030
1.094208
1.475830
0.778503
0.849457
1.515121
0.985184
0.707474
1.345215
1.250153
0.685883
1.080246
1.458130
0.769577
0.841904
1.506271
0.978851
0.703659
1.337662
1.245117
0.687180
1.084061
1.460648
0.770874
0.845718
1.511383
0.983887
0.712509
1.351624
1.256485
0.690994
1.094208
1.484756
0.786057
0.859604
1.527863
0.991516
0.718918
1.361771
1.266632
0.696030
1.100540
1.482162
0.782318
0.854568
1.525269
0.986404
0.716324
1.356659
1.253967
0.689697
1.091690
1.472015
0.775909
0.848236
1.513901
0.981369
0.713806
1.342697
1.241302
0.687180
1.094208
1.472015
0.775909
0.849457
1.518936
0.986404
0.718918
1.362991
1.256485
0.697327
1.109390
1.492310
0.784836
0.862198
1.534195
0.994034
0.723953
1.365509
1.252670
0.693512
1.103058
1.475830
0.774689
0.846939
1.507568
0.976257
0.711288
1.354141
1.252670
0.693512
1.103058
1.472015
0.775909
0.858383
1.527863
0.988922
0.717621
1.357956
1.241302
0.687180
1.095428
1.465683
0.772171
0.855789
1.518936
0.982590
0.716324
1.364288
1.256485
0.696030
1.108170
1.473312
0.775909
0.858383
1.525269
0.985184
0.721436
1.371841
1.250153
0.687180
1.098022
1.475830
0.778503
0.859604
1.521530
0.981369
0.720139
1.364288
1.247635
0.688477
1.095428
1.465683
0.770874
0.852051
1.506271
0.966110
0.711288
1.350327
1.236191
0.680847
1.089096
1.460648
0.770874
0.854568
1.516418
0.975037
0.717621
1.364288
1.246338
0.690994
1.105576
1.472015
0.774689
0.855789
1.521530
0.981369
0.723953
1.369324
1.246338
0.689697
1.101837
1.468277
0.770874
0.853271
1.517715
0.976257
0.718918
1.365509
1.243820
0.690994
1.104355
1.469498
0.773392
0.859604
1.525269
0.981369
0.721436
1.369324
1.248856
0.690994
1.101837
1.459351
0.770874
0.860901
1.525269
0.977554
0.716324
1.364288
1.242523
0.690994
1.105576
1.463165
0.769577
0.855789
1.513901
0.969925
0.713806
1.361771
1.241302
0.689697
1.096725
1.451721
0.763245
0.853271
1.508789
0.966110
0.717621
1.365509
1.241302
0.687180
1.103058
1.468277
0.772171
0.860901
1.511383
0.959778
0.703659
1.341476
1.221008
0.682144
1.096725
1.454315
0.769577
0.864716
1.522751
0.975037
0.723953
1.375656
1.250153
0.689697
1.108170
1.470795
0.773392
0.863419
1.525269
0.978851
0.726471
1.380768
1.247635
0.694809
1.120834
1.475830
0.773392
0.864716
1.530380
0.978851
0.725250
1.380768
1.247635
0.694809
1.114502
1.475830
0.774689
0.865936
1.530380
0.980072
0.726471
1.376953
1.240005
0.690994
1.109390
1.461868
0.764542
0.859604
1.518936
0.969925
0.716324
1.362991
1.237488
0.692291
1.111984
1.464462
0.769577
0.864716
1.518936
0.967407
0.715103
1.360474
1.227341
0.684662
1.103058
1.451721
0.756912
0.853271
1.510086
0.962296
0.715103
1.362991
1.227341
0.685883
1.105576
1.451721
0.760727
0.860901
1.513901
0.966110
0.721436
1.373138
1.241302
0.689697
1.111984
1.461868
0.764542
0.859604
1.517715
0.964890
0.721436
1.373138
1.234970
0.685883
1.106873
1.455536
0.760727
0.859604
1.510086
0.958557
0.718918
1.369324
1.233673
0.684662
1.106873
1.456833
0.763245
0.854568
1.506271
0.959778
0.720139
1.371841
1.233673
0.692291
1.119537
1.465683
0.767059
0.863419
1.521530
0.967407
0.723953
1.379471
1.234970
0.690994
1.118317
1.466980
0.770874
0.865936
1.522751
0.971222
0.729065
1.387100
1.240005
0.694809
1.123352
1.470795
0.772171
0.873566
1.536713
0.973740
0.727768
1.390915
1.248856
0.697327
1.134796
1.478348
0.774689
0.878677
1.530380
0.967407
0.723953
1.383286
1.240005
0.693512
1.128464
1.466980
0.768356
0.876083
1.532898
0.971222
0.723953
1.383286
1.236191
0.692291
1.119537
1.454315
0.763245
0.867233
1.511383
0.952225
0.716324
1.368103
1.226044
0.682144
1.109390
1.451721
0.759430
0.865936
1.516418
0.955963
0.723953
1.376953
1.228638
0.687180
1.115723
1.458130
0.763245
0.867233
1.511383
0.948410
0.718918
1.380768
1.234970
0.690994
1.129684
1.472015
0.769577
0.876083
1.525269
0.952225
0.715103
1.370621
1.227341
0.693512
1.132202
1.469498
0.768356
0.876083
1.531601
0.961075
0.720139
1.374435
1.221008
0.688477
1.120834
1.455536
0.760727
0.868530
1.520233
0.957260
0.726471
1.380768
1.222229
0.687180
1.120834
1.454315
0.762024
0.872345
1.526566
0.959778
0.721436
1.380768
1.229858
0.693512
1.129684
1.460648
0.764542
0.878677
1.530380
0.962296
0.723953
1.381989
1.228638
0.692291
1.129684
1.460648
0.767059
0.886230
1.540527
0.968704
0.729065
1.392136
1.236191
0.696030
1.137314
1.464462
0.765762
0.883713
1.529083
0.958557
0.729065
1.389618
1.226044
0.687180
1.124649
1.454315
0.760727
0.872345
1.513901
0.945816
0.718918
1.361771
1.207047
0.680847
1.117020
1.445389
0.756912
0.872345
1.511383
0.943298
0.718918
1.376953
1.213379
0.682144
1.120834
1.449203
0.759430
0.877380
1.525269
0.953445
0.726471
1.376953
1.204529
0.683365
1.125870
1.447983
0.755692
0.871048
1.518936
0.949631
0.723953
1.376953
1.207047
0.683365
1.125870
1.445389
0.754395
0.873566
1.524048
0.953445
0.729065
1.385803
1.199417
0.683365
1.132202
1.453018
0.759430
0.881195
1.530380
0.954742
0.729065
1.390915
1.222229
0.692291
1.137314
1.453018
0.758209
0.881195
1.524048
0.949631
0.725250
1.387100
1.214676
0.689697
1.136017
1.451721
0.762024
0.887527
1.536713
0.957260
0.731583
1.398468
1.223526
0.690994
1.134796
1.447983
0.755692
