4401
0.848236
0.939484
1.01685
0.865936
0.874863
1.01303
0.938263
0.914154
1.10306
1.07643
0.929337
1.008
1.09421
0.940781
0.972443
1.20323
1.11702
0.995331
1.12968
1.16524
1.04095
1.22353
1.38962
1.16394
1.16142
1.32874
1.13983
1.10184
1.35796
1.35536
1.10817
1.16524
1.2413
1.01555
1.05743
1.33888
1.1525
0.98259
1.0714
1.02951
0.930634
1.06377
1.18042
0.977554
0.971222
1.12968
1.00166
0.934448
1.10184
1.08276
0.958557
1.00288
1.02196
0.891342
0.958557
1.16013
0.996552
0.935669
1.12846
1.13861
0.975037
1.03844
1.19438
1.02699
1.008
1.12587
0.969925
0.872345
1.03333
1.08276
0.969925
1.02448
1.13602
1.00418
1.01936
1.15883
1.03844
1.00037
1.18805
1.16264
0.940781
1.01555
1.17279
1.03844
1.05743
1.21468
1.0891
0.990219
1.12465
1.09673
0.994034
1.03714
1.10054
0.952225
0.934448
1.0498
0.97374
0.936966
1.09169
1.10054
0.947113
0.950928
1.00037
0.920486
0.96489
1.1982
1.32118
1.63055
2.21123
2.40524
2.08321
1.84479
1.56967
1.05492
0.900192
0.975037
0.925598
0.838089
0.891342
0.832977
0.732803
0.892563
1.008
0.887527
0.887527
0.981369
0.89386
0.841904
0.900192
0.867233
0.778503
0.873566
0.985184
0.892563
0.87738
0.97374
0.916672
0.890045
1.04218
1.04095
0.871048
0.924301
1.03714
0.863419
0.854568
1.00418
0.967407
0.926819
1.06125
1.1145
0.959778
1.03081
1.12335
0.959778
1.01433
1.20071
1.10558
1.06628
1.26282
1.22864
1.00166
1.08788
1.26915
1.08406
1.05492
1.19438
1.02951
0.955963
1.08406
1.05995
0.95726
1.06628
1.16013
0.952225
0.920486
1.07643
1.03333
0.944595
1.00166
0.996552
0.896378
0.962296
1.07391
0.939484
0.926819
1.04729
0.969925
0.901489
1.01685
1.01303
0.892563
0.945816
1.04599
0.900192
0.906525
1.03714
0.921783
0.82283
0.917969
0.95726
0.874863
0.924301
1.03844
0.925598
0.906525
0.987701
0.892563
0.854568
1.0257
1.08406
0.935669
0.992737
1.08788
0.935669
0.928116
1.10817
1.09169
1.008
1.14235
1.16898
1.01685
1.01051
1.03584
0.915451
0.963593
1.11572
1.03844
0.954742
1.05873
1.06247
0.919189
0.98259
1.06247
0.94841
0.944595
1.14998
1.19438
1.3427
1.80298
1.96022
1.70532
1.55067
1.34651
0.943298
0.863419
0.943298
0.88623
0.801315
0.83046
0.779724
0.731583
0.857086
0.954742
0.846939
0.846939
0.935669
0.869751
0.824127
0.909042
0.929337
0.848236
0.896378
0.958557
0.826645
0.83931
0.997849
0.94841
0.909042
1.0321
1.02829
0.906525
0.961075
1.0511
0.921783
0.907822
1.03584
1.00037
0.950928
1.04218
1.06758
0.947113
0.976257
1.11069
1.01814
1.01181
1.1348
1.0701
1.00418
1.15128
1.18927
1.0067
1.05995
1.1982
1.01303
0.936966
1.01433
0.98259
0.900192
0.962296
1.00037
0.879898
0.911636
0.994034
0.879898
0.891342
1.01181
0.934448
0.86853
0.98259
0.985184
0.860901
0.905304
0.996552
0.860901
0.855789
1.00418
0.949631
0.872345
0.992737
1.04477
0.901489
0.929337
1.01303
0.909042
0.942078
1.06506
0.968704
0.891342
0.990219
1.00288
0.898972
0.963593
1.05873
0.914154
0.935669
1.1132
1.00037
0.921783
1.05232
1.05232
0.931931
1.02196
1.14616
1.008
1.03462
1.24382
1.09673
0.971222
1.08788
1.08276
0.952225
1.03714
1.12968
0.915451
0.897675
1.04347
0.953445
0.879898
1.00166
0.981369
0.81398
0.858383
0.959778
0.87738
0.931931
1.15883
1.14998
1.26793
1.79665
2.11105
1.97037
1.90819
1.70029
1.08025
0.854568
0.90271
0.803833
0.708771
0.796204
0.775909
0.655518
0.739136
0.865936
0.786057
0.793686
0.909042
0.824127
0.735397
0.83931
0.846939
0.745544
0.844421
0.953445
0.816498
0.838089
1.0067
0.931931
0.841904
0.942078
0.929337
0.797501
0.920486
1.07895
0.915451
0.910339
1.06758
0.971222
0.911636
1.07773
1.07262
0.909042
1.01181
1.19186
0.988922
0.97374
1.13861
1.0321
0.944595
1.1145
1.12465
0.928116
1.01555
1.13731
0.938263
0.945816
1.1525
0.983887
0.854568
1.02066
1.01433
0.841904
0.921783
1.02196
0.865936
0.905304
1.0891
0.975037
0.864716
0.980072
0.990219
0.857086
0.931931
1.03966
0.892563
0.88501
0.997849
0.921783
0.90271
1.11069
1.12083
0.934448
1.05492
1.1969
0.963593
0.925598
1.03966
0.934448
0.86853
1.03333
1.04477
0.88623
0.950928
1.0714
0.935669
0.916672
1.06125
0.992737
0.938263
1.05362
1.02448
0.871048
0.97374
1.09802
0.909042
0.923004
1.11702
1.0257
0.952225
1.10435
1.08406
0.933151
1.0257
1.12968
0.890045
0.838089
0.972443
0.86853
0.774689
0.89386
0.852051
0.669403
0.80513
0.958557
0.765762
0.764542
0.980072
0.873566
0.820312
1.22223
1.61407
1.67488
2.10098
2.35451
1.73958
1.34781
1.34018
0.935669
0.731583
0.83046
0.81398
0.66185
0.75943
0.887527
0.744247
0.774689
0.976257
0.840607
0.732803
0.929337
0.961075
0.815277
0.944595
1.10558
0.849457
0.838089
1.05614
0.920486
0.821609
1.03333
1.0714
0.879898
1.02448
1.18423
0.897675
0.920486
1.22734
1.10306
0.976257
1.21971
1.24252
0.977554
1.07391
1.26282
0.968704
0.978851
1.30341
1.16524
1.00548
1.2413
1.22864
0.97374
1.20956
1.46568
1.12846
1.11702
1.40991
1.1348
0.920486
1.10306
1.10435
0.890045
1.01303
1.23367
0.987701
1.01181
1.24512
1.03844
0.953445
1.21849
1.20575
0.931931
1.03844
1.22101
1.008
1.01433
1.22604
1.05492
0.976257
1.17157
1.13731
0.949631
1.03584
1.18675
1.0067
1.03844
1.21719
1.00418
0.906525
1.13098
1.18172
0.988922
1.05743
1.15128
0.935669
0.934448
1.09039
0.995331
0.919189
1.03333
1.03081
0.882416
0.928116
1.01814
0.88501
0.914154
1.08276
0.996552
0.933151
1.03584
1.02448
0.834274
0.827942
0.972443
0.942078
1.01181
1.1956
1.05492
0.945816
0.977554
0.921783
0.852051
0.905304
0.963593
0.883713
0.928116
1.0321
0.935669
0.883713
0.975037
0.969925
0.882416
0.94841
1.0891
1.16524
1.55823
2.13013
2.19353
1.9944
1.80428
1.32622
0.891342
0.832977
0.83046
0.717621
0.718918
0.772171
0.715103
0.685883
0.755692
0.7341
0.644073
0.703659
0.781021
0.715103
0.723953
0.832977
0.789871
0.740433
0.794983
0.794983
0.732803
0.798798
0.881195
0.788651
0.779724
0.825424
0.760727
0.763245
0.87738
0.936966
0.962296
1.13098
1.3681
1.36047
1.41754
1.49864
1.36047
1.29196
1.35536
1.31226
1.20453
1.2413
1.1956
1.04218
1.10939
1.22353
1.13731
1.10558
1.19057
1.12335
0.980072
1.01051
0.986404
0.895157
0.929337
0.954742
0.859604
0.836792
0.887527
0.869751
0.803833
0.793686
0.815277
0.803833
0.857086
0.953445
0.907822
0.869751
0.906525
0.88501
0.831757
0.900192
0.949631
0.890045
0.881195
0.920486
0.857086
0.844421
0.936966
0.942078
0.88623
0.919189
0.959778
0.936966
0.967407
1.03081
0.954742
0.909042
0.945816
0.928116
0.879898
0.931931
0.972443
0.912857
0.934448
0.994034
0.952225
0.928116
1.00922
0.981369
0.881195
0.971222
1.06247
1.01685
1.06377
1.16264
1.10558
1.08276
1.16898
1.15631
1.07391
1.08025
1.04477
0.990219
1.03462
1.07521
1.00548
0.990219
1.03333
0.977554
0.898972
0.96611
1.04095
0.999069
1.0257
1.05492
1.02318
1.15883
1.48346
1.83594
2.13516
2.37228
2.33421
1.9133
1.49994
1.16898
0.925598
0.859604
0.848236
0.821609
0.810165
0.832977
0.853271
0.83046
0.850754
0.850754
0.810165
0.840607
0.90271
0.89386
0.853271
0.876083
0.90271
0.87738
0.915451
0.94841
0.915451
0.939484
0.954742
0.944595
0.947113
1.01303
1.0067
0.945816
0.971222
1.00288
0.958557
1.00037
1.07773
1.05232
1.03714
1.06628
1.07643
1.09169
1.20705
1.2793
1.23619
1.22223
1.25267
1.1969
1.16264
1.26411
1.30211
1.18675
1.18294
1.18927
1.08536
1.07262
1.07773
1.0067
0.977554
1.03081
1.00166
0.930634
0.947113
0.954742
0.924301
0.955963
1.01051
0.999069
0.954742
0.954742
0.939484
0.895157
0.955963
1.0321
1.01555
0.994034
1.01181
0.963593
0.916672
0.939484
0.925598
0.887527
0.983887
1.07521
0.999069
0.98259
1.04729
1.03462
0.991516
0.997849
0.976257
0.925598
0.967407
1.0498
1.03714
1.03966
1.08276
1.05614
0.991516
1.01936
1.10054
1.0714
1.14998
1.16898
1.0714
1.06247
1.09802
1.03462
1.02448
1.19186
1.27426
1.15631
1.1348
1.10054
1.02196
1.02196
1.03462
0.971222
0.95726
1.01555
1.01814
0.985184
0.996552
0.988922
0.958557
0.98259
1.15379
1.39595
1.67114
1.9323
2.00203
1.75476
1.46187
1.16776
0.954742
0.89386
0.928116
0.921783
0.850754
0.816498
0.821609
0.846939
0.88623
0.878677
0.846939
0.827942
0.83046
0.898972
0.953445
0.97374
0.94841
0.935669
0.967407
0.972443
0.939484
0.945816
0.987701
1.008
1.01181
1.04729
1.06628
0.981369
0.958557
0.972443
0.98259
1.07521
1.16524
1.10184
1.0498
1.0498
1.02951
1.00548
1.0701
1.16524
1.17279
1.21086
1.24886
1.20071
1.15883
1.17409
1.15883
1.14746
1.1335
1.02196
0.942078
1.03462
1.10435
1.02066
0.943298
0.925598
0.905304
0.888824
0.904007
0.906525
0.925598
0.947113
0.939484
0.87738
0.907822
0.942078
0.947113
0.968704
1.0067
1.01181
0.980072
0.97374
0.996552
0.959778
0.950928
0.983887
0.990219
0.980072
1.02448
1.01555
0.981369
0.977554
0.97374
0.963593
1.01685
1.11069
1.07643
1.04729
1.0257
0.978851
0.96611
1.0067
1.00288
0.972443
1.01814
1.08658
1.04729
1.01555
1.07895
1.05362
0.978851
1.01814
1.07391
1.04599
1.03966
1.05492
0.994034
0.95726
0.962296
0.923004
0.896378
0.942078
0.980072
0.923004
0.878677
0.926819
0.978851
0.980072
1.02066
1.01936
1.03462
1.18675
1.48094
1.78398
2.00203
1.9754
1.6584
1.23497
1.08536
1.00418
0.934448
0.912857
0.898972
0.835571
0.801315
0.849457
0.869751
0.896378
0.926819
0.900192
0.862198
0.855789
0.855789
0.836792
0.879898
0.954742
0.945816
0.940781
0.94841
0.916672
0.924301
0.983887
1.02318
1.0067
1.02699
1.05743
0.997849
0.943298
0.997849
1.02196
0.986404
0.991516
1.00288
1.0321
1.10184
1.17912
1.1525
1.10939
1.08658
1.07262
1.0701
1.15379
1.21338
1.17409
1.16013
1.14494
1.11832
1.07895
1.07773
1.04095
1.02318
1.05743
1.02829
0.971222
0.935669
0.962296
0.959778
0.933151
0.954742
0.949631
0.945816
0.971222
0.985184
0.97374
0.943298
0.940781
0.916672
0.933151
1.01181
1.01181
0.985184
1.01433
1.03584
1.00418
1.02318
1.03584
0.947113
0.901489
0.947113
0.953445
0.939484
0.935669
0.911636
0.910339
0.976257
0.988922
0.949631
0.955963
1.00288
0.987701
0.972443
0.994034
0.963593
0.961075
0.969925
1.00166
0.972443
1.01814
1.12968
1.12968
1.07521
1.07643
1.04477
0.98259
0.981369
1.00288
0.938263
0.907822
0.942078
0.917969
0.905304
0.945816
0.952225
0.947113
1.008
1.05232
1.00288
0.990219
1.14998
1.48979
1.90567
2.25945
2.3114
2.00455
1.60141
1.21086
0.97374
0.907822
0.90271
0.848236
0.811462
0.840607
0.836792
0.793686
0.810165
0.835571
0.806351
0.812683
0.863419
0.846939
0.854568
0.900192
0.883713
0.867233
0.921783
0.97374
0.952225
0.963593
1.00037
0.968704
0.962296
1.01433
1.00922
0.95726
0.96489
1.02066
1.00288
1.01555
1.06628
1.02448
1.04599
1.13098
1.14616
1.05743
1.07391
1.09039
1.03081
1.03584
1.09802
1.03333
0.991516
1.0257
1.03584
1.01433
1.03462
1.05614
0.994034
0.990219
1.05614
1.008
0.961075
0.997849
0.991516
0.94841
0.95726
0.958557
0.919189
0.883713
0.907822
0.911636
0.924301
0.96489
0.935669
0.90271
1.00548
1.06125
1.00166
1.01814
1.06247
0.999069
0.98259
1.00288
0.999069
0.975037
0.981369
1.00166
0.978851
0.983887
1.02066
0.963593
0.94841
1.00922
1.01936
0.971222
0.994034
1.00288
0.935669
0.939484
1.03462
1.0067
0.963593
0.997849
1.00037
0.963593
1.01303
1.04729
0.987701
1.02196
1.06125
0.958557
0.883713
0.905304
0.901489
0.879898
0.935669
0.938263
0.872345
0.900192
0.95726
0.916672
0.898972
0.986404
0.995331
0.96611
1.06377
1.29456
1.56082
1.96274
2.22267
2.03758
1.69144
1.33385
1.0067
0.88501
0.915451
0.909042
0.810165
0.779724
0.824127
0.793686
0.767059
0.810165
0.816498
0.796204
0.844421
0.846939
0.782318
0.767059
0.831757
0.840607
0.89386
1.00166
0.994034
0.925598
0.917969
0.910339
0.873566
0.934448
1.05362
1.02318
0.972443
0.996552
0.987701
0.975037
1.03966
1.06506
0.978851
1.00037
1.0714
1.05614
1.06377
1.15631
1.11198
0.981369
1.10687
1.20453
1.13983
1.13731
1.17531
1.09543
1.06377
1.1145
1.07643
1.03333
1.09421
1.08658
0.980072
0.949631
0.94841
0.878677
0.87738
0.938263
0.930634
0.901489
0.961075
0.980072
0.900192
0.895157
0.934448
0.920486
0.914154
0.985184
0.986404
0.940781
0.971222
1.00037
0.930634
0.928116
0.986404
0.94841
0.915451
0.959778
0.990219
0.96611
1.01433
1.04095
0.96611
0.958557
1.02066
0.953445
0.910339
0.958557
0.97374
0.919189
0.947113
0.990219
0.94841
0.940781
0.97374
0.942078
0.987701
1.08154
1.04729
1.03462
1.15631
1.21971
1.07895
1.02448
1.01303
0.901489
0.865936
0.901489
0.89386
0.841904
0.898972
0.926819
0.88623
0.90271
0.947113
0.896378
0.909042
0.96611
0.968704
0.986404
1.25145
1.77383
2.08824
2.19093
1.99699
1.52275
1.20575
1.0701
0.911636
0.80513
0.831757
0.858383
0.791168
0.811462
0.827942
0.760727
0.767059
0.862198
0.83046
0.794983
0.869751
0.915451
0.860901
0.881195
0.921783
0.845718
0.81398
0.897675
0.934448
0.907822
0.962296
0.958557
0.892563
0.961075
1.03966
0.968704
0.958557
1.04218
0.976257
0.905304
0.995331
1.03584
0.952225
1.01051
1.10435
1.01051
0.986404
1.12335
1.08536
1.03844
1.2159
1.28822
1.14113
1.17279
1.28693
1.14998
1.10435
1.1969
1.09039
1.02699
1.17912
1.21468
1.0498
1.03844
1.02829
0.911636
0.872345
0.94841
0.929337
0.882416
0.942078
0.986404
0.907822
0.876083
0.917969
0.841904
0.853271
0.975037
0.959778
0.879898
0.980072
1.01685
0.925598
0.991516
1.05492
0.906525
0.896378
1.00548
0.958557
0.862198
0.916672
0.912857
0.832977
0.916672
0.992737
0.887527
0.835571
0.87738
0.849457
0.850754
0.972443
1.00548
0.888824
0.936966
1.01181
0.926819
0.923004
1.0498
1.02196
0.950928
1.03333
1.0067
0.867233
0.940781
0.987701
0.852051
0.845718
0.917969
0.86853
0.820312
0.883713
0.892563
0.817795
0.896378
0.977554
0.924301
0.933151
1.07262
1.04477
1.04347
1.40228
1.75735
1.87904
2.04391
1.94374
1.41624
1.07262
0.986404
0.844421
0.758209
0.862198
0.887527
0.794983
0.802536
0.83046
0.75058
0.769577
0.853271
0.81398
0.778503
0.86853
0.904007
0.835571
0.907822
0.987701
0.883713
0.883713
0.96489
0.934448
0.929337
1.01814
1.07391
0.958557
0.996552
1.05995
0.95726
0.95726
1.08276
1.05492
0.990219
1.09039
1.06247
0.983887
1.08658
1.21849
1.13983
1.16776
1.26793
1.14868
1.10184
1.27426
1.2413
1.07391
1.17279
1.25526
1.1525
1.1335
1.17409
1.03966
0.940781
1.03081
1.07643
0.961075
0.95726
0.962296
0.887527
0.924301
0.996552
0.950928
0.904007
0.992737
1.02066
0.920486
0.920486
0.928116
0.834274
0.855789
0.991516
1.01181
0.96611
1.06125
1.08658
0.975037
0.996552
1.04218
0.939484
0.963593
1.08536
1.08154
1.02829
1.09802
1.10687
0.980072
0.969925
1.02951
0.992737
1.00288
1.08276
1.0498
0.980072
1.02318
1.05614
0.988922
1.00548
1.04599
0.976257
0.988922
1.0688
1.01936
0.929337
0.947113
0.972443
0.890045
0.926819
1.00922
0.975037
0.994034
1.0688
1.01555
0.939484
0.962296
0.97374
0.936966
0.990219
1.01685
0.962296
1.01051
1.26411
1.51138
1.66985
1.7675
1.62804
1.26534
1.07521
1.00037
0.901489
0.864716
0.862198
0.825424
0.784836
0.834274
0.859604
0.83046
0.864716
0.919189
0.88501
0.862198
0.878677
0.873566
0.862198
0.916672
0.925598
0.896378
0.935669
0.997849
0.980072
0.950928
0.954742
0.990219
0.992737
1.01433
1.00418
0.906525
0.925598
0.990219
1.00037
1.06628
1.18927
1.18423
1.11572
1.15128
1.14868
1.04218
1.07521
1.15128
1.12968
1.12846
1.21849
1.23367
1.19438
1.22604
1.21971
1.1335
1.12717
1.13602
1.08788
1.06247
1.06377
0.991516
0.929337
0.983887
1.0257
0.959778
0.929337
0.963593
0.958557
0.962296
0.983887
0.94841
0.933151
1.00166
1.03584
0.976257
0.975037
0.985184
0.930634
0.958557
1.00037
0.952225
0.928116
1.00418
1.02829
0.961075
0.961075
0.999069
0.987701
0.988922
1.0498
1.02699
0.962296
0.971222
0.98259
0.921783
0.936966
0.983887
0.929337
0.938263
1.02196
1.0257
1.008
1.05492
1.05362
0.999069
1.00288
1.05995
1.01051
1.06247
1.16898
1.06758
0.938263
0.921783
0.917969
0.871048
0.905304
0.954742
0.921783
0.900192
0.939484
0.940781
0.909042
0.952225
0.969925
0.920486
0.975037
1.19186
1.49231
1.8309
2.07176
1.97418
1.68381
1.38077
1.08658
0.910339
0.864716
0.857086
0.80513
0.802536
0.844421
0.812683
0.769577
0.798798
0.83931
0.812683
0.832977
0.862198
0.811462
0.811462
0.891342
0.901489
0.855789
0.882416
0.897675
0.845718
0.871048
0.940781
0.917969
0.933151
0.971222
0.926819
0.867233
0.901489
0.928116
0.90271
0.947113
1.01555
0.959778
0.950928
1.00166
0.999069
0.953445
1.0067
1.07521
1.03081
1.03333
1.07521
1.02066
1.02196
1.08154
1.0701
1.0688
1.11954
1.10184
0.994034
0.967407
1.01555
0.995331
0.983887
0.988922
0.947113
0.890045
0.905304
0.942078
0.916672
0.925598
0.938263
0.867233
0.878677
0.954742
0.976257
0.94841
0.954742
0.971222
0.940781
0.949631
0.990219
0.969925
0.943298
0.947113
0.917969
0.891342
0.955963
1.00166
0.933151
0.929337
1.00166
1.03333
1.04347
1.03844
0.940781
0.907822
0.940781
0.971222
0.962296
0.977554
0.992737
0.943298
0.978851
1.0688
1.06506
1.0067
1.04729
1.10687
1.05492
1.06506
1.09039
1.01685
0.990219
0.992737
0.952225
0.923004
0.935669
0.909042
0.825424
0.841904
0.923004
0.929337
0.914154
0.936966
0.924301
0.930634
0.986404
1.06506
1.16646
1.54938
2.06924
2.29744
2.25693
1.98433
1.45683
1.02318
0.928116
0.900192
0.810165
0.777206
0.768356
0.7341
0.731583
0.775909
0.777206
0.767059
0.779724
0.80513
0.778503
0.797501
0.82283
0.793686
0.841904
0.883713
0.862198
0.846939
0.879898
0.895157
0.90271
0.947113
0.954742
0.915451
0.909042
0.944595
0.930634
0.911636
0.971222
1.01936
0.969925
0.95726
0.981369
1.01936
1.09421
1.21719
1.21971
1.15509
1.12587
1.10558
1.08276
1.1348
1.22734
1.16776
1.08406
1.1132
1.12465
1.09543
1.08154
1.08154
0.975037
0.95726
1.03333
1.00288
0.986404
1.008
0.95726
0.89386
0.934448
0.985184
0.944595
0.928116
0.925598
0.900192
0.935669
1.01181
1.02318
0.981369
0.981369
0.991516
0.958557
0.963593
1.008
0.976257
0.978851
1.00418
1.00288
0.996552
0.992737
0.975037
0.938263
0.935669
0.972443
0.968704
0.980072
1.02318
1.00922
0.990219
1.02196
1.00922
0.954742
0.969925
1.01181
0.981369
0.999069
1.02829
0.986404
0.969925
1.09802
1.20705
1.1525
1.13861
1.17027
1.09673
1.04347
1.0511
0.987701
0.904007
0.897675
0.936966
0.911636
0.931931
0.98259
0.971222
0.947113
0.987701
1.03462
1.0257
1.01433
1.01555
1.08536
1.44287
1.93359
2.23412
2.30385
2.09084
1.66985
1.22482
1.01685
0.920486
0.821609
0.784836
0.787354
0.782318
0.800018
0.800018
0.775909
0.760727
0.793686
0.82283
0.824127
0.845718
0.850754
0.843124
0.865936
0.919189
0.921783
0.907822
0.944595
0.959778
0.919189
0.920486
0.950928
0.930634
0.929337
1.00548
1.05362
1.02318
1.01433
1.0498
1.03966
1.04347
1.05614
1.00548
0.981369
1.02699
1.0701
1.07262
1.13098
1.11069
1.06377
1.1335
1.20956
1.12717
1.08154
1.15761
1.12335
1.05232
1.07773
1.05492
0.95726
0.909042
0.923004
0.905304
0.914154
0.95726
0.97374
0.961075
0.996552
0.968704
0.89386
0.928116
0.980072
0.950928
0.94841
0.939484
0.914154
0.882416
0.935669
0.999069
0.992737
1.01051
1.01181
0.972443
0.955963
0.958557
0.953445
0.929337
0.931931
0.952225
0.925598
0.912857
0.926819
0.914154
0.924301
0.931931
0.938263
0.962296
1.03333
1.06628
0.987701
0.983887
1.0067
0.990219
0.994034
1.02066
1.01433
0.97374
0.986404
1.05492
1.10687
1.12968
1.1132
1.0257
1.02699
1.08154
1.10054
1.11954
1.11572
1.05492
0.955963
0.925598
0.95726
0.945816
0.926819
0.940781
0.919189
0.896378
0.943298
0.997849
0.981369
0.977554
0.971222
0.96489
1.18546
1.62163
2.05658
2.3114
2.34436
2.06543
1.53038
1.11572
0.975037
0.874863
0.815277
0.796204
0.769577
0.746765
0.763245
0.774689
0.74295
0.745544
0.792389
0.800018
0.843124
0.873566
0.864716
0.841904
0.845718
0.855789
0.862198
0.878677
0.910339
0.87738
0.86853
0.891342
0.892563
0.905304
0.930634
0.975037
0.987701
0.986404
0.96489
0.929337
0.944595
0.97374
0.987701
1.02066
1.09291
1.12968
1.08658
1.04858
1.07521
1.06758
1.06628
1.05995
1.05362
1.05492
1.10054
1.12587
1.04095
1.0067
0.995331
0.987701
0.983887
0.999069
0.985184
0.944595
0.925598
0.935669
0.925598
0.926819
0.935669
0.906525
0.904007
0.907822
0.898972
0.87738
0.86853
0.888824
0.906525
0.919189
0.940781
0.924301
0.906525
0.910339
0.923004
0.935669
0.934448
0.936966
0.940781
0.949631
0.945816
0.925598
0.944595
0.944595
0.935669
0.944595
0.986404
0.992737
0.95726
0.940781
0.972443
0.995331
1.01181
1.00548
0.978851
0.953445
0.944595
0.975037
1.00288
1.02829
1.04477
1.00922
1.01051
1.07262
1.14235
1.1322
1.14365
1.11954
1.10184
1.11069
1.07895
0.991516
0.961075
0.962296
0.955963
0.926819
0.915451
0.920486
0.929337
0.959778
0.995331
0.969925
0.96489
0.996552
0.988922
1.01685
1.17912
1.49864
1.87271
2.24678
2.35962
2.10602
1.68251
1.22101
0.98259
0.898972
0.843124
0.797501
0.745544
0.731583
0.755692
0.762024
0.774689
0.791168
0.788651
0.798798
0.797501
0.801315
0.835571
0.900192
0.949631
0.954742
0.96611
0.977554
0.985184
0.967407
0.953445
0.94841
0.935669
0.942078
0.958557
0.939484
0.940781
0.954742
0.994034
1.02066
1.008
1.01936
1.0321
1.04599
1.05995
1.06628
1.13098
1.1982
1.24382
1.12587
1.05492
1.0701
1.08025
1.09543
1.09924
1.09802
1.12717
1.09169
1.06506
1.0498
1.01814
1.00922
1.01555
1.02699
1.0067
0.971222
0.949631
0.921783
0.907822
0.914154
0.915451
0.928116
0.928116
0.891342
0.865936
0.876083
0.914154
0.928116
0.969925
0.972443
0.930634
0.910339
0.936966
0.95726
0.963593
0.954742
0.940781
0.90271
0.919189
0.923004
0.900192
0.930634
0.969925
0.944595
0.950928
0.971222
1.00548
1.00288
1.00037
1.01051
0.987701
0.986404
0.981369
0.969925
0.978851
1.01685
1.03081
0.999069
1.01936
1.02066
0.980072
1.03081
1.10184
1.05743
1.07521
1.18294
1.21971
1.11572
1.09039
1.03966
0.933151
0.914154
0.95726
0.942078
0.912857
0.930634
0.933151
0.88501
0.901489
0.940781
0.907822
0.924301
1.00548
0.992737
1.008
1.21849
1.51772
1.75606
2.0578
2.11868
1.83975
1.41373
1.09421
0.940781
0.872345
0.849457
0.796204
0.745544
0.774689
0.791168
0.749283
0.784836
0.855789
0.845718
0.794983
0.821609
0.840607
0.817795
0.864716
0.897675
0.883713
0.887527
0.933151
0.930634
0.930634
0.928116
0.911636
0.895157
0.947113
0.972443
0.919189
0.950928
1.01685
1.0067
0.992737
1.04347
1.10435
1.03714
1.08025
1.16013
1.01936
1.01814
1.1348
1.13861
1.1335
1.18927
1.1969
1.07521
1.09039
1.16898
1.08406
1.0701
1.11702
1.03844
1.01555
1.02951
1.00418
0.935669
0.94841
0.952225
0.89386
0.888824
0.905304
0.879898
0.865936
0.900192
0.890045
0.836792
0.887527
0.977554
0.953445
0.942078
0.962296
0.920486
0.88501
0.936966
0.987701
0.953445
0.962296
0.980072
0.924301
0.943298
1.01685
0.997849
0.967407
0.997849
1.00166
0.942078
0.945816
0.962296
0.972443
1.02196
1.04095
0.958557
0.919189
0.999069
1.04218
0.991516
1.01555
1.0714
0.990219
0.978851
1.04218
1.03081
1.02951
1.0714
1.0891
1.01814
1.01303
1.0701
0.98259
0.987701
1.02699
0.992737
0.949631
0.96611
0.978851
0.936966
0.985184
1.01555
0.897675
0.879898
0.919189
0.924301
0.924301
1.03462
1.22864
1.39725
1.67999
1.81061
1.61911
1.44165
1.32622
1.06247
0.906525
0.924301
0.925598
0.846939
0.826645
0.83046
0.793686
0.798798
0.83931
0.849457
0.855789
0.883713
0.904007
0.883713
0.930634
0.963593
0.923004
0.926819
0.939484
0.926819
0.909042
1.00037
1.02196
0.939484
0.962296
0.976257
0.923004
0.961075
1.04858
1.02951
1.0257
1.09039
1.12083
1.05614
1.06628
1.09543
1.02699
1.05873
1.14868
1.13602
1.09673
1.16264
1.16524
1.07773
1.13983
1.21971
1.12465
1.11954
1.18927
1.11702
1.03844
1.06628
1.10939
0.981369
0.934448
0.933151
0.888824
0.910339
0.96611
0.950928
0.897675
0.931931
0.949631
0.907822
0.949631
1.008
0.968704
0.949631
0.97374
0.947113
0.939484
0.949631
0.947113
0.936966
1.00548
1.07773
1.01051
0.96611
0.953445
0.976257
0.985184
1.00548
0.995331
0.94841
0.958557
0.997849
0.950928
0.96611
1.02699
0.990219
0.944595
1.01303
1.06125
1.01814
1.05743
1.08406
1.008
0.994034
1.06377
1.05995
1.05362
1.10054
1.09802
1.05232
1.0511
1.09169
1.01433
0.990219
1.00922
0.980072
0.976257
1.01433
1.01936
0.977554
0.999069
0.98259
0.909042
0.898972
0.94841
0.928116
0.934448
1.09169
1.39473
1.71165
2.07306
2.25182
2.03758
1.6394
1.31859
1.01181
0.871048
0.820312
0.762024
0.722656
0.756912
0.775909
0.749283
0.775909
0.836792
0.808945
0.786057
0.835571
0.867233
0.834274
0.850754
0.892563
0.872345
0.888824
0.920486
0.917969
0.934448
0.97374
0.962296
0.888824
0.917969
1.00548
0.992737
0.986404
1.02196
0.987701
1.00166
1.06758
1.06506
1.008
1.02066
1.07391
1.02829
1.05362
1.1132
1.10054
1.10184
1.16142
1.15761
1.05743
1.07521
1.11702
1.04858
1.08025
1.21086
1.13602
1.05743
1.0498
1.01685
0.944595
0.94841
0.958557
0.911636
0.915451
0.945816
0.872345
0.854568
0.930634
0.98259
0.934448
0.938263
0.944595
0.900192
0.949631
1.01051
0.969925
0.958557
1.008
1.02318
0.976257
0.978851
0.990219
0.935669
0.975037
1.01433
0.996552
0.954742
0.968704
0.962296
0.940781
0.971222
0.999069
0.940781
0.949631
1.01685
0.991516
0.97374
1.00288
1.02318
0.978851
1.01051
1.03584
0.96489
0.940781
1.01555
1.05232
1.04858
1.09421
1.09421
1.01685
1.01051
1.01936
0.98259
0.947113
0.944595
0.94841
0.933151
0.944595
0.930634
0.891342
0.920486
0.933151
0.855789
0.860901
0.936966
0.978851
1.08025
1.39473
1.79535
2.05658
2.15675
2.00836
1.57219
1.16013
0.96611
0.864716
0.781021
0.727768
0.702438
0.680847
0.720139
0.774689
0.753098
0.751877
0.798798
0.800018
0.791168
0.811462
0.811462
0.798798
0.841904
0.846939
0.821609
0.852051
0.898972
0.897675
0.883713
0.900192
0.930634
0.926819
0.95726
0.981369
0.936966
0.958557
0.994034
0.967407
0.963593
0.983887
1.03081
1.03966
1.0511
1.0701
0.990219
1.04477
1.12846
1.1322
1.12587
1.1322
1.09543
1.05614
1.15509
1.22734
1.12968
1.05492
1.03462
0.967407
0.942078
0.988922
0.986404
0.912857
0.940781
0.955963
0.909042
0.928116
0.943298
0.917969
0.883713
0.915451
0.976257
0.953445
0.910339
0.887527
0.853271
0.901489
0.944595
0.944595
0.94841
0.990219
1.00288
0.969925
0.978851
0.995331
0.955963
0.919189
0.961075
0.96489
0.96489
1.00418
1.00922
0.959778
0.997849
1.06628
1.02196
1.02699
1.08276
1.0498
1.0321
1.07773
1.10306
1.04218
1.01181
1.03081
0.986404
1.0321
1.13983
1.12206
1.0701
1.13983
1.08788
0.947113
0.978851
1.03966
0.983887
0.999069
1.06506
1.02066
0.972443
1.00166
1.008
0.944595
0.972443
1.01303
0.977554
1.10306
1.34651
1.52275
1.74973
1.98555
1.96022
1.58363
1.28441
1.07773
0.897675
0.890045
0.938263
0.907822
0.865936
0.88501
0.86853
0.834274
0.898972
0.950928
0.911636
0.901489
0.915451
0.873566
0.900192
0.947113
0.943298
0.915451
0.938263
0.997849
0.963593
0.958557
1.03462
1.04095
1.0067
1.01685
1.01433
0.976257
1.01814
1.0701
1.01936
0.999069
1.0498
1.06377
1.05362
1.13861
1.23116
1.14235
1.14998
1.15761
1.06247
1.0714
1.14365
1.14494
1.13098
1.17531
1.15509
1.0498
1.0714
1.11069
0.994034
0.945816
0.96489
0.953445
0.962296
0.985184
0.954742
0.872345
0.900192
0.950928
0.917969
0.905304
0.938263
0.921783
0.87738
0.910339
0.940781
0.90271
0.939484
1.00288
0.95726
0.953445
0.968704
0.95726
0.950928
0.986404
1.01685
0.96611
0.978851
1.00418
0.936966
0.926819
0.953445
0.943298
0.944595
0.977554
0.994034
0.96489
1.008
1.04729
0.947113
0.939484
1.02699
1.03714
1.02196
1.03584
1.01936
0.959778
0.976257
1.01936
0.994034
1.00548
1.08154
1.07391
1.0257
1.03081
1.02951
0.959778
0.971222
0.988922
0.919189
0.897675
0.926819
0.898972
0.87738
0.930634
0.976257
0.923004
0.938263
0.971222
0.936966
0.969925
1.15761
1.43272
1.81183
2.05406
1.98174
1.62163
1.29959
1.06506
0.901489
0.831757
0.840607
0.802536
0.782318
0.816498
0.829163
0.815277
0.831757
0.849457
0.829163
0.827942
0.860901
0.862198
0.827942
0.829163
0.853271
0.874863
0.921783
0.949631
0.911636
0.929337
0.972443
0.942078
0.90271
0.940781
0.968704
0.950928
0.985184
1.00548
0.967407
0.990219
1.03081
1.01814
1.00548
1.0498
1.09169
1.03462
1.05232
1.09543
1.08788
1.09673
1.14616
1.14868
1.08406
1.06628
1.10435
1.06247
1.07521
1.05614
0.994034
0.986404
0.959778
0.942078
0.954742
0.967407
0.939484
0.895157
0.88623
0.909042
0.915451
0.931931
0.931931
0.900192
0.876083
0.87738
0.920486
0.938263
0.940781
0.945816
0.94841
0.950928
0.936966
0.954742
0.976257
0.983887
0.954742
0.933151
0.959778
0.958557
0.953445
0.975037
0.977554
0.975037
0.996552
1.01303
0.985184
0.945816
0.952225
0.933151
0.939484
0.967407
0.977554
0.953445
0.958557
0.939484
0.940781
0.96611
0.987701
0.994034
1.01685
1.04858
1.05873
1.0498
1.05873
1.05873
1.0688
1.0321
1.02196
1.00037
1.01814
1.04095
0.96611
0.919189
0.915451
0.930634
0.939484
0.933151
0.950928
0.939484
0.933151
0.942078
0.942078
0.928116
0.919189
0.96611
1.08788
1.29707
1.68503
2.09206
2.30759
2.23785
1.92596
1.4695
1.08658
0.906525
0.860901
0.829163
0.806351
0.762024
0.74173
0.777206
0.767059
0.754395
0.756912
0.765762
0.801315
0.838089
0.854568
0.83931
0.834274
0.858383
0.881195
0.881195
0.897675
0.929337
0.95726
0.961075
0.967407
0.933151
0.940781
0.968704
0.969925
0.968704
0.972443
0.955963
0.953445
0.958557
1.00288
1.02066
0.994034
1.01051
1.0511
1.0701
1.08536
1.09673
1.15883
1.1982
1.22101
1.16776
1.14494
1.14868
1.09543
1.02829
1.02066
1.03462
1.00166
0.976257
0.967407
0.976257
0.980072
0.995331
0.963593
0.967407
0.983887
0.975037
0.947113
0.920486
0.935669
0.969925
0.978851
0.983887
0.945816
0.952225
1.00288
0.985184
0.96611
0.980072
1.04599
1.03714
1.02448
1.03844
1.00288
0.991516
1.00548
1.00166
1.00922
1.02699
1.01555
0.98259
1.00037
1.05232
1.02951
0.992737
0.985184
0.97374
0.996552
1.04599
1.07643
1.03462
1.01555
1.04095
1.01051
1.00418
1.03584
1.04858
1.02951
1.02829
1.00166
0.983887
1.02951
1.04347
0.986404
0.987701
1.05362
1.05995
0.987701
1.03462
1.14494
1.18042
1.17409
1.16524
1.0891
1.06628
1.06247
0.991516
0.949631
0.953445
0.976257
0.96489
0.959778
0.961075
0.955963
0.953445
0.96489
0.934448
0.950928
1.02196
1.03584
1.03844
1.23871
1.6597
2.04262
2.29622
2.32788
2.04391
1.5976
1.21971
1.01303
0.873566
0.827942
0.845718
0.82283
0.786057
0.760727
0.781021
0.806351
0.835571
0.838089
0.815277
0.820312
0.841904
0.858383
0.867233
0.895157
0.909042
0.905304
0.916672
0.933151
0.88623
0.921783
0.968704
0.95726
0.976257
1.00418
1.00418
0.972443
0.969925
0.990219
1.00288
1.02066
1.04095
1.0067
1.03714
1.10939
1.12083
1.08406
1.09291
1.12846
1.08025
1.1145
1.18172
1.14235
1.10939
1.14868
1.13983
1.13861
1.14113
1.10054
1.02699
0.976257
0.986404
0.985184
0.990219
0.978851
0.911636
0.890045
0.917969
0.949631
0.945816
0.945816
0.962296
0.940781
0.928116
0.938263
0.931931
0.930634
0.950928
0.963593
0.944595
0.953445
1.01936
1.03966
1.03081
1.03844
1.01814
1.01685
1.008
0.988922
0.950928
0.978851
1.03081
1.00037
0.981369
0.996552
0.999069
1.00288
0.987701
0.963593
0.934448
0.971222
1.04858
1.01051
0.981369
1.00548
0.980072
0.958557
0.98259
0.976257
0.944595
0.920486
0.954742
1.00418
1.0701
1.1348
1.09924
0.995331
0.961075
0.967407
0.969925
0.999069
1.03462
1.02196
1.02448
1.05873
1.0511
1.06758
1.09802
1.08536
1.06377
1.12206
1.20453
1.14113
1.07773
1.11572
1.12335
1.09421
1.07643
1.04095
1.01685
1.06506
1.06758
0.988922
0.954742
0.986404
1.03966
1.0511
1.06628
1.06377
0.988922
1.04095
1.30722
1.61789
1.9957
2.30888
2.23282
1.88789
1.51772
1.18805
0.96611
0.923004
0.917969
0.882416
0.855789
0.86853
0.88623
0.928116
0.996552
1.05232
1.06377
1.12587
1.18546
1.22101
1.35796
1.49361
1.56464
1.595
1.62422
1.61911
1.5126
1.38962
1.30089
1.16524
1.09169
1.04729
0.959778
0.916672
0.930634
0.924301
0.919189
0.980072
1.03844
0.994034
0.976257
0.977554
0.947113
0.912857
0.915451
0.934448
0.89386
0.882416
0.907822
0.872345
0.905304
0.947113
0.917969
0.895157
0.878677
0.86853
0.836792
0.829163
0.834274
0.784836
0.745544
0.723953
0.682144
0.688477
0.744247
0.773392
0.791168
0.817795
0.826645
0.801315
0.797501
0.802536
0.781021
0.778503
0.810165
0.846939
0.827942
0.815277
0.811462
0.796204
0.83046
0.874863
0.867233
0.86853
0.904007
0.931931
0.926819
0.942078
0.938263
0.896378
0.905304
0.912857
0.88501
0.89386
0.912857
0.869751
0.871048
0.910339
0.934448
0.919189
0.905304
0.934448
0.961075
0.985184
1.00418
1.00037
0.975037
0.978851
0.97374
0.955963
0.950928
0.940781
0.912857
0.925598
0.958557
0.987701
0.962296
0.944595
0.94841
0.962296
0.968704
0.977554
0.969925
1.0067
1.01685
1.01936
0.997849
1.00037
0.987701
0.994034
1.01555
1.03844
1.0498
1.03966
1.03844
1.01555
0.98259
0.995331
0.996552
0.967407
0.931931
0.933151
0.934448
0.930634
0.904007
0.930634
0.967407
0.983887
1.00288
1.00418
1.05995
1.22604
1.62163
2.04773
2.32407
2.30637
1.98807
1.52405
1.11069
0.88623
0.770874
0.735397
0.744247
0.751877
0.744247
0.74173
0.72525
0.748062
0.770874
0.779724
0.777206
0.777206
0.798798
0.81398
0.806351
0.821609
0.825424
0.819092
0.857086
0.895157
0.901489
0.881195
0.887527
0.914154
0.929337
0.952225
0.945816
0.940781
0.953445
0.959778
0.969925
1.00418
1.02196
1.02829
0.992737
1.04218
1.09673
1.05743
1.03333
1.03714
1.04599
1.10306
1.17912
1.1969
1.14746
1.13983
1.10054
1.0498
1.11832
1.1525
1.10817
1.03844
0.96489
0.930634
0.905304
0.926819
0.96489
0.959778
0.945816
0.925598
0.911636
0.892563
0.892563
0.909042
0.909042
0.923004
0.929337
0.916672
0.916672
0.926819
0.933151
0.958557
0.990219
0.992737
0.975037
0.986404
0.987701
0.958557
0.949631
0.96611
0.924301
0.920486
0.911636
0.89386
0.892563
0.977554
1.01685
0.976257
0.985184
0.986404
0.950928
0.943298
0.977554
0.962296
0.914154
0.920486
0.936966
0.944595
0.996552
1.03081
0.96611
0.923004
0.930634
0.952225
0.939484
1.00922
1.07262
1.00166
0.986404
1.00922
1.00288
1.05232
1.07643
1.0498
1.01685
1.03081
1.03966
1.0498
1.09039
1.09802
1.09802
1.16013
1.24252
1.26411
1.17912
1.18294
1.07643
1.00418
1.00922
0.980072
0.975037
0.954742
0.929337
0.936966
0.936966
0.952225
0.961075
0.943298
0.910339
0.896378
0.938263
1.11069
1.43784
1.81694
2.18086
2.28096
2.0211
1.6153
1.23116
0.961075
0.857086
0.798798
0.760727
0.770874
0.783539
0.786057
0.786057
0.796204
0.820312
0.797501
0.788651
0.811462
0.846939
0.872345
0.853271
0.831757
0.841904
0.862198
0.905304
0.897675
0.909042
0.912857
0.944595
0.947113
0.917969
0.928116
0.955963
0.983887
0.992737
0.980072
0.962296
0.96489
1.01936
1.06377
1.05362
1.04218
1.04729
1.05873
1.1335
1.16394
1.15631
1.14235
1.18805
1.17912
1.09802
1.1132
1.15883
1.14494
1.17279
1.12846
1.04347
0.992737
0.985184
0.949631
0.879898
0.907822
0.925598
0.916672
0.942078
0.953445
0.942078
0.920486
0.933151
0.942078
0.930634
0.909042
0.890045
0.910339
0.936966
0.944595
0.967407
0.958557
0.96611
0.971222
0.959778
0.997849
1.02066
1.01303
1.00288
0.980072
0.958557
0.972443
0.988922
0.988922
0.952225
0.97374
1.04599
1.0321
0.992737
0.999069
1.00037
0.990219
1.01685
1.01433
0.971222
0.987701
0.994034
0.980072
0.995331
1.00037
0.988922
0.98259
1.01936
1.05614
1.03584
1.03714
1.01814
1.01051
1.08658
1.12465
1.10939
1.09169
1.05995
1.04729
1.07262
1.11954
1.12846
1.08658
1.06628
1.04599
1.00037
0.988922
0.992737
0.962296
0.925598
0.934448
0.94841
0.983887
1.00922
0.997849
0.983887
0.952225
0.963593
0.971222
0.952225
0.980072
1.09673
1.3858
1.72943
1.82457
1.63307
1.39595
1.22353
1.02318
0.904007
0.865936
0.827942
0.768356
0.777206
0.802536
0.778503
0.762024
0.794983
0.829163
0.83046
0.854568
0.871048
0.838089
0.83046
0.872345
0.87738
0.853271
0.874863
0.882416
0.872345
0.912857
0.962296
0.935669
0.926819
0.968704
0.992737
0.96489
0.983887
0.997849
0.968704
1.04347
1.08788
0.999069
0.962296
0.997849
1.02699
1.03333
1.1132
1.15128
1.08154
1.11832
1.21468
1.14616
1.14113
1.18805
1.12587
1.05492
1.09924
1.11702
0.976257
0.928116
0.947113
0.924301
0.906525
0.916672
0.88623
0.826645
0.867233
0.888824
0.852051
0.895157
0.911636
0.835571
0.826645
0.881195
0.871048
0.853271
0.905304
0.926819
0.878677
0.917969
0.96611
0.896378
0.89386
0.958557
0.931931
0.906525
0.971222
0.978851
0.917969
0.96611
1.04477
0.963593
0.947113
1.01303
0.953445
0.90271
1.00288
1.0688
0.978851
0.983887
1.05614
1.03584
1.02448
1.0701
1.0257
0.994034
1.05614
1.05743
0.938263
0.95726
1.01433
0.981369
1.01936
1.12717
1.0511
0.934448
1.00548
1.09169
1.04729
1.12717
1.18675
1.0511
1.01303
1.09673
1.10939
1.06125
1.10687
1.0511
0.909042
0.931931
1.02951
0.969925
0.921783
0.933151
0.911636
0.904007
0.953445
1.01555
0.949631
0.994034
1.09169
1.01936
1.03333
1.26915
1.60645
1.96526
2.32155
2.32285
1.93108
1.55319
1.26282
0.981369
0.867233
0.853271
0.802536
0.768356
0.83046
0.859604
0.792389
0.801315
0.850754
0.803833
0.807648
0.86853
0.888824
0.890045
0.920486
0.924301
0.869751
0.879898
0.942078
0.928116
0.943298
1.00418
1.008
0.972443
1.01685
1.04095
0.958557
0.97374
1.0321
1.00548
1.0321
1.15509
1.12206
1.02829
1.06506
1.08154
1.02951
1.10817
1.21208
1.16394
1.15761
1.2603
1.22604
1.16776
1.21849
1.24634
1.15761
1.17531
1.21208
1.09673
1.05362
1.08536
1.07773
0.98259
0.961075
0.968704
0.914154
0.933151
0.959778
0.916672
0.949631
1.01303
0.968704
0.898972
0.915451
0.917969
0.895157
0.983887
1.05492
0.995331
0.96489
0.990219
0.995331
1.00418
1.05743
1.03462
0.942078
0.961075
1.01051
0.962296
0.949631
0.992737
0.940781
0.910339
0.986404
1.04477
1.00418
1.02448
1.06377
1.00166
0.990219
1.02829
0.994034
0.96611
0.983887
0.969925
0.915451
0.954742
1.01555
0.97374
0.959778
0.996552
1.008
0.983887
1.00922
1.0067
0.985184
1.03584
1.0701
1.01303
1.00922
1.05232
1.03966
1.01936
1.05995
1.03081
0.934448
0.95726
0.971222
0.921783
0.919189
0.942078
0.934448
0.920486
0.949631
0.945816
0.906525
0.930634
0.96489
0.924301
0.919189
0.930634
0.959778
1.20323
1.67999
2.05658
2.19986
2.20871
1.97418
1.51894
1.18675
1.01433
0.87738
0.793686
0.800018
0.783539
0.749283
0.768356
0.778503
0.768356
0.803833
0.835571
0.831757
0.812683
0.836792
0.836792
0.82283
0.897675
0.935669
0.871048
0.869751
0.915451
0.905304
0.904007
0.952225
0.942078
0.916672
0.950928
0.97374
0.935669
0.933151
0.97374
0.995331
0.999069
1.01303
0.991516
0.943298
1.00418
1.07895
1.06506
1.04477
1.08536
1.13731
1.14616
1.14365
1.12846
1.09673
1.13098
1.1335
1.10184
1.15379
1.17912
1.1145
1.01433
0.994034
0.990219
0.944595
0.947113
0.952225
0.915451
0.917969
0.931931
0.883713
0.867233
0.911636
0.915451
0.882416
0.916672
0.931931
0.914154
0.935669
0.983887
0.990219
0.955963
0.987701
1.01555
0.942078
0.920486
0.933151
0.940781
0.978851
0.990219
0.935669
0.907822
0.938263
0.936966
0.940781
0.98259
0.985184
0.924301
0.926819
0.96489
0.976257
0.972443
0.969925
0.944595
0.916672
0.983887
0.986404
0.972443
0.988922
0.978851
0.952225
0.936966
0.988922
1.03333
1.01303
1.01936
1.00037
0.959778
1.01433
1.09421
1.1145
1.10939
1.12083
1.12846
1.16394
1.1982
1.09039
0.963593
0.94841
0.944595
0.904007
0.87738
0.896378
0.924301
0.930634
0
0
0
