4404
1.0257
1.01181
1.03333
1.00922
0.950928
0.967407
0.962296
0.859604
0.860901
0.904007
0.873566
0.874863
0.87738
0.81398
0.848236
0.89386
0.852051
0.867233
0.914154
0.928116
0.88501
0.901489
0.89386
0.806351
0.849457
1.04599
1.32751
1.67488
1.97289
2.11746
1.83594
1.3858
1.06506
0.895157
0.863419
0.897675
0.87738
0.892563
0.926819
0.94841
0.915451
0.934448
1.00548
0.969925
0.971222
0.997849
1.04095
1.04477
1.05873
1.1145
1.00418
0.992737
1.09039
1.12335
1.08154
1.1132
1.1525
1.06758
1.12717
1.12717
0.981369
1.00548
1.08025
1.02196
0.991516
0.977554
0.949631
0.909042
0.921783
0.97374
0.916672
0.879898
0.887527
0.816498
0.806351
0.873566
0.869751
0.792389
0.797501
0.755692
0.655518
0.621262
0.666885
0.595932
0.538864
0.524902
0.488129
0.43869
0.481796
0.500793
0.405731
0.395584
0.372772
0.297928
0.299225
0.40947
0.389252
0.334702
0.401917
0.453873
0.357513
0.366364
0.43869
0.396805
0.419617
0.493164
0.485611
0.471649
0.545197
0.640259
0.59967
0.6073
0.658035
0.690994
0.690994
0.775909
0.788651
0.775909
0.825424
0.869751
0.835571
0.952225
1.1322
1.04599
1.0321
1.14494
1.14113
1.08406
1.10184
1.0688
1.04599
1.09924
1.06377
0.888824
0.815277
0.860901
0.796204
0.763245
0.82283
0.83046
0.772171
0.811462
0.843124
0.722656
0.664368
0.688477
0.621262
0.592117
0.703659
0.803833
1.01685
1.49231
1.75224
1.68381
1.54305
1.1969
0.764542
0.555344
0.595932
0.576859
0.507126
0.565491
0.580673
0.505905
0.437393
0.476685
0.406952
0.377808
0.466537
0.491943
0.476685
0.514755
0.564194
0.537567
0.504608
0.554047
0.488129
0.43869
0.504608
0.617447
0.59845
0.678329
0.829163
0.832977
0.976257
1.19308
1.40862
1.5126
1.7028
1.83846
1.912
2.05406
2.27844
2.22137
2.32033
2.47375
2.35329
2.36595
2.49779
2.55737
2.43065
2.54852
2.65884
2.51053
2.45598
2.58026
2.46231
2.36084
2.39006
2.37358
2.23152
2.22771
2.229
2.04773
2.02362
2.28355
2.24167
2.12502
2.08702
2.14531
2.05406
2.15294
2.30125
2.11235
1.90315
1.95389
1.89552
1.88286
1.96655
1.98433
1.81946
1.82076
1.9754
1.8943
1.77765
1.82198
1.7662
1.69777
1.7865
1.79535
1.66733
1.6584
1.62674
1.48476
1.41373
1.4315
1.29326
1.22864
1.28822
1.34903
1.20834
1.14616
1.11198
1.01051
0.983887
0.96611
0.912857
0.848236
0.874863
0.867233
0.75943
0.755692
0.834274
0.769577
0.760727
0.874863
0.900192
0.867233
0.933151
0.959778
0.892563
0.911636
0.921783
0.827942
0.834274
0.987701
1.19308
1.55449
2.0591
2.55234
2.65373
2.51808
2.14783
1.66222
1.29959
1.09543
0.983887
0.931931
0.933151
0.992737
0.867233
0.717621
0.784836
0.778503
0.774689
0.845718
0.83931
0.753098
0.820312
0.850754
0.797501
0.853271
0.955963
0.834274
0.825424
0.986404
1.00548
0.882416
0.836792
0.787354
0.7341
0.783539
0.81398
0.796204
0.843124
1.01181
0.980072
0.983887
1.04095
1.12968
1.21719
1.28059
1.41876
1.42136
1.50375
1.56586
1.47079
1.38077
1.41502
1.42387
1.31989
1.31859
1.3871
1.12846
0.976257
1.00288
0.990219
0.887527
0.876083
0.86853
0.744247
0.72525
0.746765
0.703659
0.744247
0.778503
0.746765
0.745544
0.778503
0.773392
0.701141
0.721436
0.763245
0.707474
0.678329
0.748062
0.753098
0.739136
0.773392
0.808945
0.80513
0.753098
0.748062
0.682144
0.636444
0.717621
0.712509
0.642776
0.673218
0.730286
0.694809
0.6707
0.721436
0.693512
0.677032
0.7341
0.699844
0.636444
0.651703
0.712509
0.66185
0.617447
0.678329
0.654221
0.587006
0.592117
0.622559
0.537567
0.498276
0.52742
0.542679
0.484314
0.533752
0.658035
0.631409
0.626297
0.673218
0.631409
0.655518
0.782318
0.835571
0.740433
0.75943
0.803833
0.69603
0.644073
0.783539
0.83046
0.931931
1.62804
2.25563
2.16812
2.15294
2.10854
1.56334
0.983887
0.98259
0.94841
0.80513
0.871048
0.892563
0.778503
0.803833
0.929337
0.89386
0.829163
0.95726
0.943298
0.844421
0.942078
0.98259
0.931931
1.02699
1.07391
0.972443
0.944595
1.12465
1.10054
0.983887
1.08154
1.12335
0.972443
0.977554
1.18546
1.15379
1.0498
1.21971
1.16898
1.02196
1.20323
1.31226
1.10558
1.0891
1.24001
1.16264
1.0701
1.37947
1.3871
1.14616
1.30592
1.31989
1.10687
1.05614
1.11832
0.910339
0.834274
0.936966
0.874863
0.740433
0.792389
0.784836
0.652924
0.678329
0.796204
0.732803
0.712509
0.815277
0.812683
0.647888
0.688477
0.781021
0.716324
0.777206
0.844421
0.760727
0.704956
0.83931
0.840607
0.777206
0.897675
1.00166
0.934448
0.95726
1.05743
0.975037
0.931931
1.08536
1.01555
0.867233
0.97374
1.05614
0.905304
0.980072
1.21849
1.07262
0.930634
1.13098
1.18172
1.03462
1.12206
1.14365
1.05743
1.04729
1.11572
0.997849
0.88623
1.03333
0.981369
0.797501
0.876083
0.892563
0.770874
0.802536
0.858383
0.781021
0.755692
0.82283
0.820312
0.764542
0.807648
0.853271
0.760727
0.755692
0.777206
0.708771
0.820312
1.259
1.77887
1.97792
2.18842
2.15797
1.57349
1.15379
1.0067
0.844421
0.7341
0.796204
0.789871
0.746765
0.844421
0.87738
0.772171
0.786057
0.83046
0.796204
0.784836
0.855789
0.807648
0.72525
0.840607
0.901489
0.816498
0.844421
0.900192
0.857086
0.852051
0.968704
0.986404
0.940781
0.901489
0.905304
0.873566
0.905304
0.97374
0.953445
0.949631
1.05362
1.07391
1.00418
1.06758
1.09421
0.999069
1.04347
1.21208
1.16524
1.11954
1.32874
1.24001
0.980072
1.01685
0.98259
0.840607
0.806351
0.836792
0.746765
0.74295
0.869751
0.859604
0.756912
0.821609
0.832977
0.699844
0.693512
0.777206
0.749283
0.756912
0.883713
0.841904
0.767059
0.88623
0.933151
0.876083
0.94841
1.05614
0.955963
0.905304
0.991516
0.968704
0.891342
1.01936
1.09291
0.977554
1.01181
1.17027
1.06758
1.05362
1.23619
1.1779
1.06628
1.16776
1.15379
1.05232
1.12465
1.23238
1.17027
1.18675
1.31607
1.20453
1.05232
1.21719
1.27678
1.17027
1.29959
1.33514
1.18546
1.1779
1.29837
1.28311
1.19308
1.10558
1.0067
0.969925
1.02318
1.0067
0.911636
0.898972
0.977554
0.997849
0.997849
1.04729
1.01303
0.910339
0.940781
0.89386
0.865936
0.909042
1.04347
1.23871
1.66603
2.32536
2.52701
2.5029
2.27844
1.7421
1.29707
1.0701
1.00548
0.947113
0.939484
0.978851
1.00548
0.958557
1.01181
0.929337
0.815277
0.824127
0.919189
0.890045
0.876083
0.891342
0.844421
0.821609
0.882416
0.915451
0.905304
0.881195
0.887527
0.83046
0.838089
0.972443
0.928116
0.815277
0.873566
0.96611
0.954742
0.999069
1.08406
1.02951
0.981369
1.19057
1.18546
1.02066
1.11832
1.2159
1.12717
1.21468
1.44287
1.28563
1.1145
1.13861
1.04477
0.978851
0.997849
0.995331
0.942078
0.87738
0.864716
0.83046
0.783539
0.838089
0.82283
0.754395
0.779724
0.775909
0.697327
0.737915
0.807648
0.806351
0.769577
0.835571
0.80513
0.767059
0.855789
0.900192
0.841904
0.820312
0.896378
0.854568
0.838089
0.905304
0.892563
0.878677
0.916672
0.968704
0.934448
0.94841
0.980072
0.933151
0.945816
1.08276
1.04858
0.953445
0.991516
1.04218
0.943298
0.972443
1.10817
1.03081
0.995331
1.11954
1.1525
1.0714
1.13098
1.07391
1.02318
1.09421
1.21086
1.25015
1.22353
1.3858
1.29578
1.14235
1.22353
1.15379
1.02951
1.05995
1.18675
1.09802
0.95726
0.991516
1.00166
0.972443
1.06125
1.09169
1.00418
1.0498
1.07895
0.935669
0.88501
1.01433
0.986404
0.878677
0.919189
0.906525
0.88623
1.13861
1.76369
2.14279
2.48009
2.6918
2.59796
2.01729
1.65207
1.38458
1.11069
1.02066
1.06247
0.950928
0.882416
0.949631
0.930634
0.844421
0.860901
0.909042
0.844421
0.821609
0.906525
0.836792
0.83046
0.961075
0.904007
0.845718
0.96489
0.987701
0.892563
0.891342
1.0067
0.978851
0.935669
1.03714
0.978851
0.904007
0.96489
0.987701
0.938263
0.971222
1.08658
1.01814
1.01433
1.17027
1.13731
1.12587
1.26282
1.45432
1.27426
1.21849
1.30089
1.1525
1.07643
1.16264
1.09421
0.938263
0.929337
0.898972
0.768356
0.754395
0.826645
0.753098
0.755692
0.853271
0.816498
0.777206
0.844421
0.850754
0.787354
0.789871
0.874863
0.81398
0.802536
0.944595
0.90271
0.841904
0.859604
0.867233
0.800018
0.820312
0.89386
0.83046
0.794983
0.876083
0.900192
0.835571
0.898972
1.00037
0.916672
0.931931
1.0511
0.95726
0.876083
0.954742
0.94841
0.881195
0.947113
1.02318
0.938263
0.936966
1.10435
1.02829
1.008
1.15631
1.08536
0.954742
1.18294
1.27426
1.0511
0.990219
1.13861
1.12968
1.0688
1.20575
1.15761
0.972443
1.05492
1.18675
1.13731
1.23238
1.38199
1.22101
1.14113
1.21208
1.10558
0.963593
1.0067
1.10817
1.00037
0.97374
1.0257
0.909042
0.896378
1.06758
1.03584
0.934448
1.04095
1.00288
0.907822
0.879898
0.917969
0.82283
0.756912
0.901489
1.09673
1.43402
2.03117
2.3127
2.22649
1.99699
1.576
1.10184
0.914154
0.923004
0.878677
0.806351
0.88501
0.940781
0.88501
0.914154
0.949631
0.930634
0.933151
1.01936
0.977554
0.936966
1.02196
1.1145
1.03844
1.02066
1.10687
1.0257
1.01303
1.11198
1.04218
0.975037
1.09802
1.21719
1.08658
1.08276
1.21208
1.18805
1.16013
1.27808
1.23749
1.18172
1.34399
1.42258
1.24763
1.25778
1.34018
1.13602
1.0688
1.38077
1.35918
1.18172
1.26663
1.34521
1.21849
1.14494
1.11572
0.935669
0.878677
0.94841
0.852051
0.791168
0.849457
0.836792
0.735397
0.779724
0.835571
0.787354
0.827942
0.978851
0.888824
0.802536
0.89386
0.940781
0.878677
0.904007
0.96489
0.947113
0.890045
0.942078
0.931931
0.864716
0.977554
1.01936
0.930634
0.990219
1.04729
0.914154
0.917969
1.0511
1.03714
0.910339
0.98259
0.980072
0.936966
0.985184
1.0257
0.945816
0.911636
1.01685
1.01181
0.928116
0.988922
1.04599
0.954742
1.02699
1.16013
1.08406
1.02318
1.09543
1.00037
0.855789
0.904007
0.930634
0.815277
0.777206
0.811462
0.746765
0.72525
0.792389
0.726471
0.637741
0.644073
0.642776
0.559158
0.597153
0.655518
0.621262
0.628891
0.684662
0.66185
0.707474
0.95726
1.38962
1.73576
2.07809
2.24167
1.89049
1.31607
1.05743
0.90271
0.802536
0.863419
0.917969
0.909042
0.981369
1.03081
1.03462
1.0701
1.26411
1.1956
1.08276
1.2159
1.25526
1.1145
1.15379
1.21468
1.12968
1.08276
1.30089
1.26411
1.12335
1.22734
1.21971
1.11832
1.23367
1.42136
1.33003
1.28944
1.38329
1.34018
1.2413
1.33003
1.40862
1.27808
1.31989
1.42639
1.41754
1.46446
1.58234
1.53671
1.35033
1.28693
1.22482
1.06377
1.05614
1.12465
0.990219
0.906525
0.943298
0.911636
0.834274
0.867233
0.834274
0.781021
0.794983
0.812683
0.772171
0.787354
0.859604
0.843124
0.817795
0.865936
0.883713
0.864716
0.86853
0.911636
0.838089
0.812683
0.88501
0.857086
0.852051
0.985184
1.01685
0.942078
0.96489
1.09291
1.02196
0.891342
0.940781
0.955963
0.920486
0.954742
1.00418
0.938263
0.912857
0.975037
1.00288
0.991516
1.09802
0.994034
0.864716
0.915451
0.992737
0.96611
0.953445
1.12968
1.08276
1.01303
1.1322
1.02066
0.977554
1.01685
0.981369
0.888824
0.888824
0.929337
0.838089
0.808945
0.928116
0.94841
0.916672
0.949631
0.955963
0.865936
0.864716
0.972443
0.87738
0.791168
0.83046
0.832977
0.840607
1.08536
1.55571
1.92345
2.24678
2.40273
2.08321
1.53038
1.23619
0.942078
0.802536
0.860901
0.88623
0.80513
0.783539
0.845718
0.796204
0.820312
0.935669
0.920486
0.824127
0.869751
0.87738
0.829163
0.858383
0.954742
0.89386
0.89386
1.0257
1.03966
0.930634
0.999069
1.08406
0.990219
1.00418
1.06377
1.008
1.00166
1.14998
1.11702
1.01936
1.12335
1.20956
1.09543
1.1145
1.2159
1.12206
1.14494
1.29326
1.21086
1.06247
1.12335
1.21719
1.10939
1.01303
1.04347
0.935669
0.859604
0.891342
0.844421
0.770874
0.83046
0.826645
0.769577
0.767059
0.807648
0.716324
0.68718
0.786057
0.816498
0.773392
0.832977
0.86853
0.773392
0.751877
0.873566
0.872345
0.836792
0.921783
0.921783
0.844421
0.871048
0.904007
0.882416
0.914154
1.01433
0.975037
0.929337
1.00037
0.997849
0.925598
0.988922
1.00922
0.895157
0.883713
0.933151
0.882416
0.938263
1.04858
0.996552
0.898972
0.940781
0.977554
0.940781
0.972443
1.05873
0.978851
0.930634
1.03081
1.05232
1.0067
1.15631
1.21086
1.08406
1.16898
1.23871
1.07262
1.01181
1.08658
1.02448
0.916672
0.976257
0.985184
0.917969
0.954742
0.972443
0.901489
0.897675
0.999069
0.97374
0.904007
0.924301
1.01181
0.975037
0.942078
0.934448
0.819092
0.798798
1.00548
1.31355
1.6407
2.17957
2.5206
2.37228
2.01218
1.52786
1.08154
0.947113
0.954742
0.898972
0.802536
0.859604
0.865936
0.779724
0.819092
0.931931
0.907822
0.841904
0.930634
0.89386
0.83931
0.89386
0.938263
0.897675
0.914154
0.985184
0.928116
0.904007
1.0498
1.04218
0.953445
0.985184
1.0498
1.03462
1.0321
1.21086
1.16646
1.10817
1.19438
1.10939
1.01433
1.14616
1.2413
1.12206
1.16776
1.2793
1.20071
1.14365
1.25648
1.22864
1.12968
1.15761
1.1969
1.07521
0.98259
0.944595
0.844421
0.796204
0.858383
0.821609
0.787354
0.86853
0.890045
0.797501
0.812683
0.876083
0.811462
0.792389
0.867233
0.824127
0.767059
0.879898
0.920486
0.825424
0.83046
0.897675
0.864716
0.83046
0.853271
0.860901
0.810165
0.840607
0.855789
0.83046
0.874863
0.962296
0.915451
0.891342
0.990219
0.977554
0.910339
0.942078
0.905304
0.862198
0.901489
0.972443
0.906525
0.859604
0.943298
0.978851
0.915451
1.00548
1.02829
0.949631
0.905304
0.882416
0.834274
0.869751
0.950928
0.935669
0.891342
0.944595
0.986404
0.963593
1.01303
1.14365
0.97374
0.905304
0.997849
1.04599
0.968704
0.980072
0.988922
0.909042
0.97374
1.14868
1.08154
1.02318
1.20705
1.13861
0.985184
0.988922
1.02699
1.00166
1.03081
1.0714
0.920486
0.860901
0.939484
0.911636
0.871048
0.955963
0.95726
0.867233
0.895157
0.935669
0.845718
0.844421
0.959778
0.878677
0.775909
0.826645
0.921783
0.985184
1.3884
2.01218
2.22267
2.26448
2.23534
1.74088
1.16013
0.949631
0.924301
0.832977
0.826645
0.862198
0.798798
0.729065
0.815277
0.825424
0.782318
0.831757
0.827942
0.765762
0.835571
0.916672
0.864716
0.825424
0.926819
0.905304
0.895157
1.05362
1.10817
0.97374
0.938263
0.972443
0.953445
0.959778
1.05614
1.05492
1.01181
1.09673
1.15883
1.06247
1.12717
1.25526
1.14868
1.11572
1.30852
1.24886
1.18805
1.3237
1.3237
1.20956
1.259
1.29837
1.12846
1.06758
1.11702
1.00922
0.914154
0.942078
0.897675
0.803833
0.846939
0.887527
0.816498
0.803833
0.911636
0.840607
0.755692
0.802536
0.826645
0.798798
0.81398
0.853271
0.83046
0.83046
0.907822
0.882416
0.874863
0.935669
0.934448
0.864716
0.841904
0.923004
0.935669
0.897675
0.96611
0.963593
0.911636
0.988922
1.02196
0.971222
0.986404
1.03462
0.950928
0.920486
0.988922
0.939484
0.907822
0.96489
0.999069
0.920486
0.928116
0.987701
0.952225
0.971222
1.08536
1.07262
0.980072
1.06247
1.10306
1.02951
1.09291
1.09039
1.00418
1.02829
1.13098
1.13731
1.07773
1.14868
1.14746
1.13602
1.22864
1.21849
1.14616
1.15128
1.13861
1.0688
1.05995
1.04599
1.09291
1.10687
1.11954
1.10687
1.00166
1.00548
1.01433
0.975037
0.986404
1.10435
1.05873
0.976257
1.01181
1.08276
1.05232
1.02066
1.02318
0.923004
0.86853
0.96611
1.13983
1.44035
1.95641
2.34818
2.4395
2.37099
2.01347
1.33888
0.958557
0.931931
0.860901
0.75058
0.781021
0.803833
0.765762
0.732803
0.775909
0.75058
0.731583
0.806351
0.80513
0.775909
0.831757
0.925598
0.901489
0.872345
0.939484
0.910339
0.914154
0.972443
0.971222
0.949631
0.969925
0.98259
0.954742
0.969925
1.09673
1.08536
1.03844
1.12968
1.14365
1.04599
1.06628
1.25145
1.20071
1.12968
1.3047
1.31226
1.22223
1.24634
1.26534
1.14235
1.14746
1.17531
1.05232
1.01051
1.00288
0.971222
0.854568
0.854568
0.824127
0.753098
0.767059
0.83931
0.788651
0.735397
0.775909
0.789871
0.80513
0.858383
0.836792
0.798798
0.836792
0.849457
0.794983
0.762024
0.841904
0.855789
0.827942
0.891342
0.924301
0.89386
0.921783
1.0257
0.955963
0.930634
1.02699
0.967407
0.924301
0.969925
1.07521
0.985184
0.916672
0.963593
0.954742
0.988922
1.09673
1.00548
0.961075
1.008
0.983887
0.933151
0.96611
1.04858
0.962296
0.935669
1.05492
1.05614
1.02196
1.09421
1.16776
1.14998
1.19438
1.18294
1.04347
0.972443
1.06125
1.05743
0.954742
0.940781
0.945816
0.895157
0.910339
0.925598
0.928116
0.972443
1.05995
0.997849
0.879898
0.909042
0.901489
0.862198
0.88623
0.882416
0.772171
0.746765
0.881195
1.12083
1.49994
2.05276
2.35962
2.34566
2.10602
1.64192
1.13731
0.892563
0.917969
0.872345
0.807648
0.831757
0.836792
0.815277
0.824127
0.849457
0.816498
0.803833
0.906525
0.921783
0.863419
0.931931
0.90271
0.838089
0.887527
0.96489
0.920486
0.925598
1.00037
0.987701
0.950928
0.996552
1.0321
1.02699
1.09039
1.16776
1.04477
1.00922
1.16646
1.23116
1.20193
1.35162
1.37184
1.27678
1.29578
1.34781
1.28189
1.23238
1.40106
1.3681
1.25015
1.30341
1.22986
1.03714
1.02448
1.03584
0.938263
0.873566
0.88623
0.829163
0.760727
0.789871
0.801315
0.793686
0.811462
0.827942
0.797501
0.778503
0.869751
0.873566
0.800018
0.817795
0.834274
0.80513
0.848236
0.907822
0.879898
0.863419
0.917969
0.911636
0.88623
0.911636
0.919189
0.891342
0.930634
0.992737
0.972443
0.96611
1.01555
0.949631
0.935669
0.997849
1.01936
0.958557
1.00166
1.08025
1.01555
1.00037
1.08788
1.0688
1.08788
1.21971
1.17279
1.0701
1.05873
1.08536
1.01433
1.02196
1.05743
1.0067
0.947113
0.977554
0.96611
0.86853
0.843124
0.935669
0.926819
0.910339
0.952225
0.873566
0.83931
0.949631
0.954742
0.843124
0.873566
0.936966
1.03714
1.35666
1.90697
2.30003
2.32407
2.28096
1.86256
1.24001
0.943298
0.869751
0.778503
0.758209
0.811462
0.783539
0.770874
0.83046
0.821609
0.782318
0.83046
0.926819
0.878677
0.869751
0.944595
0.945816
0.936966
1.03333
1.01685
0.954742
0.983887
1.06628
1.02196
0.98259
1.1322
1.10939
1.02196
1.0701
1.05873
1.05362
1.11702
1.2159
1.17912
1.1969
1.36177
1.36429
1.25267
1.31355
1.3427
1.29837
1.33514
1.39847
1.30341
1.27548
1.39473
1.32751
1.11702
1.14868
1.1322
0.935669
0.910339
0.935669
0.858383
0.80513
0.819092
0.754395
0.703659
0.797501
0.857086
0.819092
0.825424
0.895157
0.857086
0.800018
0.840607
0.855789
0.806351
0.860901
0.906525
0.860901
0.876083
0.914154
0.921783
0.887527
0.988922
0.94841
0.920486
0.991516
1.0321
0.950928
0.930634
0.953445
0.963593
0.916672
0.972443
0.938263
0.904007
1.03584
1.07521
1.04599
1.05362
1.08658
1.03714
1.03081
1.09924
1.03333
0.934448
0.952225
0.925598
0.843124
0.867233
0.945816
0.909042
0.862198
0.939484
0.921783
0.887527
0.949631
0.959778
0.835571
0.863419
0.933151
0.819092
0.760727
0.87738
1.06628
1.34651
1.8689
2.19986
2.21123
2.02995
1.54053
1.02066
0.855789
0.864716
0.807648
0.770874
0.838089
0.895157
0.865936
0.89386
0.954742
0.928116
0.890045
0.961075
0.963593
0.915451
0.950928
0.958557
0.949631
1.02951
1.03966
0.96611
0.944595
1.10558
1.11832
1.02448
1.10306
1.05873
0.999069
1.09039
1.22101
1.10939
1.08406
1.24382
1.23619
1.14494
1.28944
1.43272
1.29707
1.29456
1.47202
1.45172
1.36047
1.42509
1.37314
1.25145
1.28059
1.25648
1.0891
1.0688
1.05743
0.928116
0.90271
0.950928
0.873566
0.806351
0.852051
0.881195
0.855789
0.83046
0.836792
0.812683
0.797501
0.88623
0.89386
0.862198
0.911636
0.930634
0.881195
0.881195
0.930634
0.90271
0.864716
0.945816
0.920486
0.928116
0.963593
0.952225
0.919189
0.983887
1.03966
0.983887
0.958557
1.02066
0.934448
0.887527
0.975037
0.985184
0.939484
0.98259
1.04729
1.00037
0.926819
1.00548
0.997849
0.992737
1.16142
1.18927
1.05232
1.01433
1.05995
0.988922
0.968704
1.04218
0.95726
0.83046
0.88501
0.901489
0.835571
0.887527
0.943298
0.869751
0.846939
0.901489
0.920486
0.857086
0.919189
0.940781
0.844421
0.792389
0.81398
0.863419
1.02951
1.58615
1.97922
2.17445
2.3558
2.2303
1.64452
1.22864
1.05743
0.916672
0.852051
0.879898
0.811462
0.768356
0.864716
0.900192
0.810165
0.834274
0.858383
0.829163
0.826645
0.906525
0.900192
0.846939
0.909042
0.940781
0.904007
0.923004
0.981369
0.931931
0.938263
1.02318
0.981369
0.942078
1.02829
1.06247
0.963593
1.00288
1.14235
1.11702
1.04477
1.15379
1.14113
1.09924
1.26282
1.31989
1.17409
1.19942
1.32751
1.18927
1.16142
1.2793
1.18805
1.04477
1.12335
1.11198
0.942078
0.879898
0.900192
0.819092
0.779724
0.860901
0.831757
0.753098
0.794983
0.811462
0.796204
0.821609
0.87738
0.807648
0.806351
0.915451
0.881195
0.867233
0.962296
0.914154
0.846939
0.896378
0.978851
0.925598
0.887527
0.955963
0.924301
0.907822
0.95726
0.978851
0.947113
0.971222
1.01303
0.981369
0.955963
1.008
0.976257
0.925598
0.997849
1.00548
0.911636
0.940781
0.988922
0.938263
0.934448
1.02196
0.991516
0.947113
1.03462
1.07773
1.00922
1.01051
1.12083
1.15509
1.18423
1.21338
1.10939
1.04347
1.10435
1.18172
1.06506
1.0257
1.03584
0.953445
0.926819
1.008
0.969925
0.879898
0.924301
0.977554
0.930634
0.943298
0.976257
0.939484
0.887527
0.917969
0.831757
0.817795
0.921783
1.07521
1.39847
1.92596
2.37862
2.40021
2.21634
1.85242
1.33133
0.986404
0.96489
0.934448
0.87738
0.859604
0.86853
0.835571
0.836792
0.898972
0.858383
0.821609
0.887527
0.896378
0.859604
0.867233
0.907822
0.909042
0.920486
1.03081
0.940781
0.879898
0.96489
0.992737
0.949631
0.990219
1.05743
1.01181
0.976257
1.09039
1.05492
1.01685
1.13098
1.16646
1.0498
1.03333
1.15883
1.10306
1.0701
1.22223
1.20575
1.1779
1.30211
1.28059
1.17661
1.20834
1.21338
1.06758
0.967407
0.96611
0.891342
0.86853
0.90271
0.864716
0.767059
0.798798
0.863419
0.816498
0.772171
0.849457
0.843124
0.820312
0.849457
0.840607
0.820312
0.853271
0.896378
0.864716
0.83046
0.915451
0.912857
0.855789
0.935669
0.961075
0.900192
0.882416
0.962296
0.931931
0.923004
1.00548
0.958557
0.911636
0.971222
1.01051
0.938263
0.907822
1.01433
0.990219
0.996552
1.02448
0.955963
0.925598
0.996552
1.02448
0.955963
0.955963
0.986404
0.905304
0.906525
0.994034
0.944595
0.869751
0.944595
0.968704
0.89386
0.935669
1.02318
0.935669
0.905304
1.01181
1.03714
0.996552
1.17912
1.22101
1.09421
1.06125
1.15128
1.09421
1.05362
1.14494
1.11069
0.945816
0.94841
1.01555
0.935669
0.923004
0.987701
0.978851
0.929337
1.01303
0.961075
0.891342
0.958557
0.961075
0.909042
0.933151
0.952225
0.878677
0.920486
1.31989
1.73195
2.08321
2.38243
2.40021
1.99699
1.57982
1.22482
0.988922
0.930634
0.935669
0.88623
0.841904
0.915451
0.904007
0.845718
0.838089
0.87738
0.848236
0.836792
0.926819
0.929337
0.911636
0.987701
1.02066
0.953445
0.963593
1.0257
0.991516
0.97374
1.09169
1.12465
1.0067
1.03966
1.07391
1.04729
1.07391
1.16142
1.05492
0.991516
1.17279
1.20575
1.13983
1.14998
1.18675
1.16776
1.24382
1.36681
1.28822
1.20453
1.25267
1.18805
1.05873
1.0688
1.01685
0.925598
0.901489
0.921783
0.831757
0.794983
0.846939
0.769577
0.698624
0.800018
0.840607
0.803833
0.797501
0.829163
0.817795
0.792389
0.87738
0.815277
0.802536
0.895157
0.905304
0.834274
0.844421
0.934448
0.891342
0.869751
0.928116
0.935669
0.901489
0.967407
0.988922
0.907822
0.921783
0.96611
0.938263
0.905304
0.943298
0.947113
0.905304
0.962296
0.963593
0.892563
0.914154
0.977554
0.911636
0.882416
0.945816
0.931931
0.873566
0.962296
1.05362
0.990219
0.995331
1.03081
0.958557
0.942078
1.04347
1.03584
0.96489
1.03966
1.04477
0.907822
0.995331
1.05492
0.968704
0.958557
1.08788
1.09291
1.02699
1.10054
1.12968
1.00288
0.994034
1.1145
1.16142
1.13983
1.22604
1.14365
1.03333
1.10939
1.06628
0.952225
0.953445
0.961075
0.904007
0.88623
0.940781
0.940781
0.901489
0.953445
0.963593
0.897675
0.938263
0.995331
0.945816
0.873566
0.890045
0.860901
0.87738
1.18805
1.66985
1.98936
2.28737
2.44331
2.22267
1.71425
1.34521
1.06506
0.914154
0.988922
0.994034
0.898972
0.865936
0.900192
0.852051
0.820312
0.909042
0.876083
0.774689
0.906525
0.972443
0.895157
0.911636
1.02448
1.01814
0.97374
1.05362
1.09802
1.01555
1.07262
1.07521
0.975037
1.00922
1.1145
1.09169
1.12083
1.27174
1.23238
1.07262
1.12968
1.16776
1.1348
1.16013
1.26793
1.19057
1.13731
1.29837
1.26411
1.18423
1.31859
1.23749
1.08658
1.1145
1.1779
1.0891
0.967407
0.986404
0.912857
0.812683
0.869751
0.863419
0.810165
0.763245
0.762024
0.746765
0.760727
0.840607
0.827942
0.758209
0.844421
0.895157
0.817795
0.832977
0.907822
0.817795
0.80513
0.890045
0.898972
0.874863
0.905304
0.954742
0.934448
0.909042
0.96489
0.888824
0.88501
1.01303
0.999069
0.900192
0.96611
0.997849
0.916672
0.898972
0.938263
0.923004
0.915451
0.987701
1.00037
0.954742
1.03966
1.03966
0.980072
1.02699
1.01051
0.944595
0.958557
1.07262
1.0257
0.985184
1.10184
1.11954
1.04477
1.14365
1.34399
1.18675
1.16776
1.22353
1.16142
1.03333
1.05995
1.05614
0.949631
0.967407
1.0257
0.936966
0.89386
1.00166
0.990219
0.869751
0.920486
0.954742
0.898972
0.904007
0.949631
0.900192
0.853271
0.88623
0.871048
0.919189
1.28189
1.83723
2.12761
2.20871
2.16309
1.75606
1.18805
0.997849
0.859604
0.763245
0.808945
0.841904
0.801315
0.760727
0.825424
0.794983
0.808945
0.898972
0.878677
0.831757
0.86853
0.872345
0.836792
0.824127
0.878677
0.864716
0.845718
0.896378
0.925598
0.879898
0.915451
0.991516
0.942078
0.963593
1.01814
0.96611
0.958557
1.10558
1.10687
1.00037
1.06628
1.17409
1.10817
1.10184
1.24252
1.21971
1.1525
1.27678
1.24252
1.08788
1.15379
1.14365
1.09169
1.04477
1.08025
0.983887
0.935669
0.96489
0.935669
0.863419
0.845718
0.858383
0.835571
0.831757
0.854568
0.802536
0.772171
0.826645
0.848236
0.821609
0.867233
0.862198
0.807648
0.873566
0.954742
0.910339
0.850754
0.933151
0.916672
0.821609
0.897675
0.900192
0.859604
0.896378
0.94841
0.919189
0.924301
1.00548
1.00288
0.942078
0.955963
0.985184
0.928116
0.917969
0.963593
0.912857
0.905304
0.97374
0.995331
0.977554
1.0257
1.0714
0.987701
0.999069
1.13861
1.14616
1.01555
1.12206
1.15379
1.11832
1.27678
1.31104
1.17661
1.12465
1.15128
1.03844
1.02318
1.09543
1.02066
0.938263
0.953445
0.968704
0.910339
0.921783
0.995331
0.929337
0.94841
1.04218
0.986404
0.917969
0.888824
0.874863
0.854568
0.950928
1.29578
1.66351
2.01981
2.28096
2.1656
1.81816
1.46187
1.22482
0.990219
0.915451
0.871048
0.81398
0.836792
0.906525
0.909042
0.83931
0.867233
0.879898
0.835571
0.860901
0.924301
0.860901
0.849457
0.931931
0.926819
0.879898
0.949631
0.98259
0.962296
0.997849
1.06125
1.01433
0.972443
1.03462
1.0067
1.008
1.1145
1.1335
1.01051
1.04347
1.16394
1.14616
1.16898
1.28563
1.23619
1.12846
1.21086
1.27426
1.23238
1.22482
1.23497
1.18675
1.11832
1.17279
1.06506
0.920486
0.936966
0.95726
0.873566
0.840607
0.826645
0.778503
0.744247
0.812683
0.817795
0.762024
0.794983
0.857086
0.826645
0.802536
0.849457
0.831757
0.821609
0.867233
0.859604
0.832977
0.909042
0.942078
0.901489
0.919189
0.942078
0.88501
0.887527
0.981369
0.96611
0.906525
0.942078
0.975037
0.911636
0.939484
1.02318
0.954742
0.949631
1.07521
1.01936
0.94841
0.959778
0.98259
0.952225
1.01051
1.16013
1.07773
1.03462
1.14365
1.18546
1.15379
1.25648
1.3224
1.13731
1.07521
1.16524
1.06758
1.04347
1.10435
1.01051
0.920486
0.947113
0.942078
0.898972
0.912857
0.968704
0.942078
0.90271
0.969925
0.929337
0.895157
0.923004
0.891342
0.838089
0.863419
0.986404
1.22734
1.54175
2.09969
2.3558
2.22519
2.07809
1.68381
1.16898
0.962296
0.914154
0.840607
0.836792
0.890045
0.845718
0.829163
0.904007
0.942078
0.935669
0.928116
0.977554
0.931931
0.906525
0.94841
0.959778
0.931931
0.990219
1.02196
0.953445
0.967407
1.02318
1.00418
0.994034
1.10939
1.04599
1.01814
1.12335
1.18927
1.08536
1.10306
1.21849
1.22223
1.21086
1.35918
1.34651
1.21719
1.30852
1.34148
1.27045
1.29578
1.34651
1.2603
1.11069
1.13861
1.09673
1.03462
1.07391
1.02066
0.906525
0.834274
0.843124
0.831757
0.788651
0.794983
0.749283
0.69603
0.754395
0.794983
0.764542
0.782318
0.843124
0.831757
0.806351
0.849457
0.852051
0.767059
0.844421
0.897675
0.848236
0.83046
0.911636
0.897675
0.87738
0.926819
0.977554
0.914154
0.933151
0.953445
0.88623
0.915451
1.02448
1.02066
0.985184
1.10435
1.09169
1.01555
1.0714
1.0891
0.977554
0.969925
1.07521
1.09039
1.09169
1.21971
1.08788
0.980072
1.01685
1.09924
1.05873
1.05873
1.07262
0.96489
0.900192
0.950928
0.934448
0.849457
0.904007
0.930634
0.865936
0.876083
0.961075
0.94841
0.900192
0.907822
0.862198
0.778503
0.854568
1.02448
1.25778
1.69647
2.19604
2.15042
1.84227
1.5139
1.0257
0.794983
0.782318
0.770874
0.779724
0.834274
0.910339
0.879898
0.87738
0.950928
0.947113
0.88501
0.938263
1.01685
0.978851
1.0067
1.10306
1.0257
0.992737
1.1145
1.05492
0.967407
1.05232
1.07391
1.0257
1.08658
1.18294
1.08276
1.03333
1.16898
1.17027
1.09543
1.15379
1.1982
1.09039
1.15883
1.26411
1.19186
1.12717
1.28189
1.29959
1.1956
1.2413
1.30592
1.21338
1.19186
1.20453
1.02318
0.967407
0.987701
0.921783
0.83931
0.883713
0.872345
0.779724
0.760727
0.801315
0.732803
0.718918
0.781021
0.794983
0.768356
0.815277
0.838089
0.800018
0.783539
0.848236
0.840607
0.810165
0.906525
0.929337
0.862198
0.881195
0.917969
0.916672
0.910339
0.949631
0.917969
0.873566
0.931931
0.943298
0.911636
0.981369
0.950928
0.867233
0.917969
1.01303
0.981369
0.98259
1.05614
1.05614
1.02318
1.11069
1.17531
1.16264
1.11572
1.11069
1.03584
0.980072
1.0067
0.945816
0.909042
0.980072
0.985184
0.892563
0.876083
0.931931
0.925598
0.88623
0.942078
0.953445
0.896378
0.920486
0.896378
0.835571
0.82283
0.854568
0.887527
1.02699
1.47079
1.93611
2.15546
2.30003
2.13768
1.60645
1.1322
0.963593
0.826645
0.819092
0.933151
0.892563
0.831757
0.862198
0.87738
0.825424
0.826645
0.896378
0.83931
0.874863
0.994034
0.977554
0.947113
0.985184
0.988922
0.943298
0.967407
1.06247
1.0688
1.0498
1.09802
1.08025
1.02318
1.0714
1.11832
1.03462
1.07643
1.21086
1.15128
1.11572
1.25145
1.20193
1.08788
1.19186
1.23238
1.18546
1.20071
1.2616
1.1982
1.10687
1.11198
1.11198
1.02318
1.04347
1.07773
0.952225
0.862198
0.907822
0.862198
0.764542
0.807648
0.810165
0.698624
0.768356
0.829163
0.760727
0.770874
0.857086
0.811462
0.783539
0.850754
0.879898
0.857086
0.874863
0.892563
0.879898
0.901489
0.935669
0.907822
0.864716
0.986404
0.968704
0.897675
0.950928
0.959778
0.923004
0.919189
0.959778
0.975037
0.954742
1.02196
0.980072
0.915451
0.992737
1.04095
0.994034
1.02951
1.12335
1.06125
1.06628
1.26793
1.28441
1.17912
1.19942
1.18423
1.05873
1.04729
1.0688
1.03714
0.949631
0.962296
0.947113
0.943298
0.999069
1.01685
0.944595
1.00037
1.01433
1.00922
0.976257
1.0498
1.02829
0.936966
0.968704
0.947113
0.892563
1.06377
1.45554
1.92215
2.29622
2.49023
2.38243
1.90819
1.49864
1.17027
0.962296
0.961075
1.0067
0.920486
0.869751
0.916672
0.929337
0.88623
0.912857
0.961075
0.934448
0.921783
0.94841
0.930634
0.942078
0.986404
0.952225
0.944595
0.987701
0.997849
0.924301
0.981369
1.12465
1.05362
0.995331
1.09421
1.07391
0.977554
1.07895
1.1132
1.10687
1.16646
1.26534
1.21338
1.19057
1.31737
1.30089
1.2413
1.28822
1.29074
1.17027
1.11702
1.15631
1.03844
1.04858
1.14998
1.03462
0.938263
0.949631
0.890045
0.803833
0.803833
0.825424
0.783539
0.723953
0.775909
0.793686
0.751877
0.782318
0.827942
0.773392
0.75058
0.807648
0.777206
0.762024
0.836792
0.841904
0.798798
0.872345
0.876083
0.806351
0.835571
0.900192
0.876083
0.860901
0.919189
0.915451
0.852051
0.919189
0.931931
0.904007
0.912857
0.958557
0.90271
0.876083
0.942078
0.923004
0.891342
0.952225
0.97374
0.942078
0.97374
1.04729
0.968704
0.934448
1.05232
1.10184
1.0498
1.14746
1.23619
1.08658
1.00166
1.12465
1.10435
1.05232
1.03333
1.01303
0.972443
1.0321
1.04095
0.949631
0.915451
0.95726
0.942078
0.919189
0.995331
1.01303
0.934448
0.968704
0.969925
0.871048
0.826645
0.891342
0.991516
1.2159
1.74088
2.13898
2.17445
2.20619
2.01469
1.43654
1.11198
1.01814
0.911636
0.857086
0.895157
0.862198
0.821609
0.882416
0.895157
0.829163
0.848236
0.907822
0.905304
0.923004
1.02829
0.952225
0.867233
0.933151
0.969925
0.928116
0.977554
1.12083
1.05362
1.0688
1.18294
1.07643
1.008
1.11572
1.12206
1.08025
1.09802
1.19186
1.12846
1.12465
1.27678
1.28189
1.21971
1.30341
1.31607
1.25526
1.28822
1.40862
1.31104
1.19438
1.28059
1.20453
1.04477
1.06125
1.05492
0.920486
0.841904
0.901489
0.865936
0.768356
0.800018
0.800018
0.740433
0.762024
0.802536
0.774689
0.797501
0.835571
0.797501
0.777206
0.827942
0.821609
0.806351
0.836792
0.879898
0.835571
0.867233
0.940781
0.883713
0.864716
0.987701
0.954742
0.887527
0.943298
0.916672
0.896378
0.917969
0.961075
0.930634
0.943298
1.06247
1.01555
0.933151
0.958557
0.978851
0.958557
0.967407
0.983887
0.917969
0.887527
0.972443
0.992737
0.950928
1.03844
1.07895
1.07773
1.12206
1.23619
1.16898
1.05362
1.05362
1.02066
0.962296
1.00166
1.01303
0.935669
0.930634
0.94841
0.90271
0.878677
0.947113
0.916672
0.853271
0.926819
0.917969
0.844421
0.88623
0.924301
0.858383
0.788651
0.853271
0.944595
1.1322
1.66481
2.09969
2.12379
1.9944
1.77254
1.22101
0.892563
0.854568
0.794983
0.72525
0.763245
0.793686
0.75943
0.801315
0.859604
0.850754
0.844421
0.88623
0.852051
0.850754
0.95726
0.987701
0.897675
0.90271
0.985184
0.947113
0.900192
0.995331
0.994034
0.940781
1.01936
1.11572
1.04347
1.04477
1.14113
1.04858
1.06125
1.22986
1.26663
1.16394
1.23871
1.28059
1.15761
1.23367
1.37825
1.325
1.23619
1.34399
1.29074
1.10435
1.21338
1.23238
1.14494
1.0511
1.08406
0.980072
0.890045
0.909042
0.849457
0.789871
0.831757
0.808945
0.767059
0.770874
0.801315
0.793686
0.765762
0.848236
0.873566
0.816498
0.882416
0.883713
0.820312
0.855789
0.939484
0.872345
0.827942
0.919189
0.911636
0.873566
0.947113
0.958557
0.930634
0.975037
1.04095
0.949631
0.904007
0.96489
0.945816
0.905304
0.976257
1.02066
0.955963
0.940781
1.01433
1.00418
0.963593
1.03584
1.04729
0.96611
0.990219
1.02829
0.999069
1.10435
1.22101
1.16264
1.12206
1.22734
1.22101
1.04477
1.01433
1.07521
1.06506
1.0498
1.08276
0.981369
0.906525
0.990219
0.963593
0.905304
0.942078
0.952225
0.882416
0.896378
0.944595
0.934448
0.897675
0.920486
0.873566
0.758209
0.829163
1.02951
1.27296
1.71928
2.22519
2.32536
2.24045
2.03117
1.42639
0.961075
0.936966
0.955963
0.853271
0.855789
0.86853
0.838089
0.83046
0.881195
0.882416
0.83046
0.950928
0.975037
0.892563
0.88623
0.955963
0.934448
0.876083
0.971222
0.968704
0.95726
0.991516
1.07262
0.996552
1.03462
1.12717
1.01433
0.981369
1.0891
1.08788
1.0321
1.12465
1.16142
1.12717
1.17661
1.28311
1.1322
1.10687
1.30089
1.39977
1.25526
1.24512
1.26793
1.14113
1.06628
1.09924
1.0067
0.943298
0.940781
0.890045
0.826645
0.821609
0.81398
0.755692
0.730286
0.779724
0.760727
0.726471
0.812683
0.786057
0.722656
0.781021
0.838089
0.801315
0.865936
0.914154
0.841904
0.81398
0.90271
0.931931
0.901489
0.928116
0.905304
0.850754
0.873566
0.898972
0.859604
0.867233
0.95726
0.990219
0.931931
1.03714
1.10817
0.992737
0.940781
0.962296
0.944595
0.945816
1.03462
1.03714
0.975037
1.05232
1.04858
0.955963
0.978851
1.05614
1.02318
1.01685
1.12968
1.08025
0.986404
1.05362
1.10435
1.10306
1.16013
1.26663
1.1956
1.22101
1.325
1.2616
1.15631
1.20071
1.16394
1.0701
1.05492
1.08276
1.0321
1.01685
1.12083
1.03844
0.935669
0.961075
0.935669
0.87738
0.90271
0.959778
0.933151
0.878677
0.872345
0.821609
0.858383
1.11832
1.5329
1.85875
2.25182
2.42424
2.22137
1.78017
1.35284
1.05492
0.909042
0.904007
0.852051
0.850754
0.857086
0.88623
0.841904
0.781021
0.83931
0.841904
0.800018
0.859604
0.914154
0.873566
0.881195
0.906525
0.938263
0.949631
1.05614
1.06506
0.990219
1.04858
1.05995
0.987701
0.955963
1.03584
0.969925
0.915451
0.991516
1.05492
0.997849
1.09291
1.20071
1.13731
1.09924
1.16524
1.09924
1.08025
1.23497
1.19438
1.0321
1.07895
1.08658
0.972443
1.00418
1.06247
0.947113
0.869751
0.871048
0.836792
0.755692
0.793686
0.806351
0.753098
0.75943
0.810165
0.764542
0.739136
0.808945
0.816498
0.767059
0.81398
0.864716
0.840607
0.821609
0.841904
0.821609
0.816498
0.863419
0.865936
0.835571
0.892563
0.911636
0.852051
0.826645
0.89386
0.881195
0.874863
0.920486
0.901489
0.844421
0.888824
0.934448
0.890045
0.945816
1.02448
1.01051
0.94841
1.008
0.978851
0.971222
1.06506
1.04858
0.95726
0.980072
1.03714
1.02066
1.02196
1.15128
1.12846
1.0511
1.17157
1.23749
1.13861
1.10817
1.17912
1.07521
1.01181
1.08788
1.01181
0.934448
0.985184
1.01181
0.939484
0.924301
1.02448
1.01555
0.98259
1.0498
1.00548
0.935669
1.00922
1.02951
0.926819
0.910339
0.910339
0.90271
0.987701
1.42891
1.84738
2.1656
2.38625
2.32033
1.77765
1.26282
1.05743
0.882416
0.83046
0.890045
0.912857
0.888824
0.940781
0.907822
0.924301
1.00037
1.05614
0.996552
1.01303
1.1335
1.08406
0.988922
1.0714
1.06506
1.00548
1.07643
1.16142
1.03462
1.04599
1.16646
1.20575
1.11702
1.21971
1.25397
1.19438
1.23238
1.38458
1.26793
1.25526
1.40488
1.3871
1.36177
1.47461
1.46828
1.33766
1.36047
1.49109
1.45813
1.33385
1.40862
1.33385
1.10184
1.12587
1.1335
1.01051
0.943298
0.952225
0.852051
0.744247
0.787354
0.772171
0.729065
0.767059
0.783539
0.727768
0.753098
0.824127
0.798798
0.770874
0.810165
0.824127
0.806351
0.838089
0.86853
0.83931
0.853271
0.890045
0.862198
0.873566
0.939484
0.912857
0.836792
0.88501
0.917969
0.916672
0.933151
0.943298
0.905304
0.878677
0.920486
0.890045
0.826645
0.858383
0.910339
0.891342
0.892563
0.905304
0.849457
0.788651
0.906525
0.906525
0.838089
0.888824
0.895157
0.859604
0.892563
0.943298
0.905304
0.87738
0.968704
0.920486
0.882416
0.969925
0.961075
0.910339
0.898972
0.869751
0.824127
0.75058
0.779724
0.767059
0.708771
0.749283
0.770874
0.753098
0.792389
0.900192
0.881195
0.859604
0.938263
0.897675
0.821609
0.811462
0.872345
0.959778
1.41121
1.95007
2.2924
2.35069
2.36214
1.98807
1.35536
1.06125
1.01051
0.910339
0.921783
1.008
0.995331
0.952225
1.04347
1.02196
0.943298
0.995331
1.01181
0.959778
1.00166
1.0498
1.01433
1.04477
1.11572
1.09039
1.03966
1.12206
1.21468
1.16394
1.16013
1.26663
1.21338
1.17027
1.29837
1.25015
1.16646
1.31104
1.41876
1.34399
1.29959
1.38199
1.37184
1.34148
1.46065
1.39091
1.3224
1.40488
1.35284
1.23238
1.20834
1.23749
1.15883
1.10054
1.15509
1.08788
0.936966
0.930634
0.905304
0.788651
0.817795
0.86853
0.821609
0.821609
0.845718
0.821609
0.786057
0.836792
0.841904
0.75058
0.775909
0.801315
0.797501
0.796204
0.867233
0.871048
0.82283
0.881195
0.909042
0.834274
0.845718
0.935669
0.88501
0.848236
0.919189
0.905304
0.881195
0.97374
1.05614
0.987701
1.01181
1.03584
0.952225
0.919189
0.981369
0.963593
0.921783
0.988922
0.988922
0.907822
0.950928
1.05995
1.00288
0.935669
0.972443
0.995331
0.928116
1.00166
1.08025
0.98259
0.980072
1.01433
0.949631
0.949631
1.10054
1.06125
0.986404
0.991516
1.00418
0.958557
0.977554
1.04858
0.96489
0.883713
0.853271
0.841904
0.800018
0.82283
0.834274
0.796204
0.797501
0.860901
0.826645
0.848236
0.915451
0.854568
0.74173
0.777206
0.82283
0.835571
1.01303
1.52527
1.94374
2.20871
2.37358
2.15675
1.56204
1.15761
0.968704
0.827942
0.840607
0.921783
0.82283
0.802536
0.881195
0.88501
0.845718
0.892563
0.898972
0.843124
0.869751
0.942078
0.935669
0.891342
0.904007
0.953445
0.95726
1.04347
1.01936
0.939484
0.975037
1.05232
1.02448
1.0257
1.16142
1.10306
1.01181
1.17912
1.28189
1.24634
1.34018
1.40991
1.31989
1.25526
1.42006
1.44035
1.3871
1.5329
1.55319
1.47331
1.43402
1.51772
1.40106
1.36681
1.41624
1.35162
1.14616
1.08536
1.07391
0.999069
0.976257
1.01303
0.967407
0.916672
0.952225
0.933151
0
0
0
