4404
0.647888
1.53671
1.20834
0.569305
1.28822
1.52275
0.64537
0.952225
1.68251
0.874863
0.708771
1.64322
1.26915
0.611115
1.42891
1.6787
0.720139
1.08025
1.84105
0.944595
0.732803
1.76491
1.30974
0.611115
1.35162
1.50124
0.639038
0.972443
1.661
0.876083
0.702438
1.56715
1.21338
0.589523
1.32622
1.51772
0.640259
1.01555
1.70151
0.865936
0.674515
1.60515
1.49864
1.03462
2.34695
2.64366
1.34521
1.51772
1.92978
0.906525
0.6707
1.52023
1.09039
0.500793
1.16142
1.37184
0.588303
0.865936
1.4949
0.788651
0.646591
1.43402
1.08788
0.565491
1.26793
1.42006
0.604782
0.975037
1.7218
0.919189
0.72525
1.52657
1.18927
0.64537
1.40862
1.70151
0.744247
1.05614
1.68129
0.904007
0.80513
1.77002
1.37947
0.74173
1.5976
1.73454
0.782318
1.25267
2.01347
1.15128
0.942078
1.84105
1.31607
0.649185
1.27678
1.42509
0.6073
0.87738
1.37825
0.713806
0.562897
1.20193
0.897675
0.415878
0.969925
1.10939
0.446243
0.694809
1.17661
0.640259
0.549011
1.25526
0.926819
0.477982
1.11069
1.27174
0.557861
0.917969
1.52153
0.777206
0.640259
1.43272
1.07391
0.53627
1.18172
1.34903
0.585785
0.917969
1.58997
0.836792
0.707474
1.54305
1.13098
0.602264
1.38077
1.49864
0.641556
0.934448
1.54175
0.815277
0.697327
1.48849
1.1348
0.600967
1.29456
1.43906
0.647888
1.02951
1.65466
0.890045
0.74295
1.54175
1.12587
0.580673
1.30722
1.50246
0.68718
1.03081
1.6787
0.872345
0.737915
1.64452
1.21849
0.644073
1.39343
1.5126
0.680847
1.03584
1.6787
0.867233
0.748062
1.68762
1.36047
0.721436
1.52405
1.67618
0.748062
1.1348
1.77635
0.919189
0.807648
1.70662
1.18423
0.59082
1.34521
1.51512
0.64537
0.986404
1.595
0.838089
0.699844
1.58485
1.14868
0.557861
1.28563
1.42891
0.604782
0.986404
1.63818
0.827942
0.753098
1.96144
1.79283
1.25015
2.63092
2.75391
1.3237
1.47202
1.88416
0.843124
0.665665
1.3427
0.934448
0.46402
1.08406
1.21086
0.512238
0.859604
1.47713
0.763245
0.655518
1.41373
1.0511
0.551529
1.18172
1.28311
0.574341
0.939484
1.56586
0.797501
0.701141
1.55701
1.1322
0.622559
1.40488
1.54686
0.683365
1.05614
1.77887
0.971222
0.841904
1.75102
1.36932
0.772171
1.60393
1.73576
0.841904
1.32118
2.02995
1.07521
0.900192
1.81564
1.33133
0.683365
1.40106
1.43021
0.559158
0.855789
1.38329
0.669403
0.540085
1.17027
0.838089
0.385437
0.986404
1.08154
0.429764
0.736618
1.21208
0.617447
0.576859
1.27808
0.896378
0.45639
1.12968
1.21719
0.508423
0.850754
1.40228
0.720139
0.632629
1.47461
1.04729
0.537567
1.24634
1.34903
0.566711
0.931931
1.56715
0.808945
0.703659
1.55449
1.12083
0.6073
1.32874
1.4315
0.593338
0.930634
1.5519
0.82283
0.723953
1.5773
1.15379
0.589523
1.31607
1.40488
0.628891
1.07895
1.72691
0.869751
0.772171
1.61911
1.15761
0.600967
1.33514
1.56586
0.698624
1.14113
1.76872
0.864716
0.75943
1.69899
1.17912
0.570526
1.31737
1.47079
0.666885
1.09673
1.71165
0.819092
0.721436
1.49742
1.03462
0.613632
1.42258
1.48727
0.656738
1.08154
1.74721
0.906525
0.807648
1.69647
1.16776
0.59082
1.36429
1.53419
0.654221
1.0701
1.68633
0.843124
0.730286
1.63307
1.14494
0.593338
1.34148
1.39091
0.583191
0.950928
1.54556
0.773392
0.697327
1.51772
1.10184
0.612411
1.38077
1.43524
0.579376
0.963593
1.54556
0.853271
1.05614
2.49023
2.25815
1.51642
2.54089
2.2493
0.855789
1.07773
1.48979
0.709991
0.633926
1.37695
0.953445
0.51857
1.18294
1.23367
0.512238
0.872345
1.47713
0.717621
0.618744
1.41502
1.02448
0.523605
1.25015
1.37695
0.608597
0.986404
1.5963
0.810165
0.736618
1.58234
1.10939
0.59845
1.41754
1.58485
0.666885
1.11572
1.76117
0.905304
0.848236
1.81183
1.3047
0.727768
1.68762
1.74088
0.769577
1.29196
1.9957
1.01936
0.86853
1.78139
1.21086
0.608597
1.30592
1.29707
0.496979
0.797501
1.22482
0.561676
0.52742
1.24634
0.841904
0.373993
0.920486
0.978851
0.380325
0.731583
1.18423
0.583191
0.560379
1.29074
0.943298
0.486832
1.18294
1.27678
0.574341
0.967407
1.50627
0.723953
0.692291
1.5316
1.01685
0.551529
1.30592
1.36932
0.597153
1.01555
1.56082
0.72525
0.673218
1.58234
1.10558
0.575638
1.34148
1.44165
0.637741
1.06506
1.63307
0.783539
0.7341
1.6787
1.20453
0.627594
1.41243
1.41121
0.583191
1.02448
1.73195
0.849457
0.781021
1.69144
1.17661
0.628891
1.41624
1.49864
0.665665
1.08276
1.66733
0.817795
0.777206
1.65466
1.15509
0.59967
1.43906
1.52275
0.671997
1.14365
1.66351
0.807648
0.802536
1.78017
1.1779
0.64537
1.51772
1.55449
0.690994
1.16394
1.79413
0.901489
0.862198
1.79916
1.24763
0.674515
1.49864
1.50757
0.61615
1.06247
1.70792
0.827942
0.767059
1.6584
1.10939
0.603485
1.40739
1.39473
0.574341
1.02196
1.64955
0.80513
0.796204
1.64825
1.12206
0.59967
1.47331
1.77765
0.986404
1.92215
2.64107
1.43402
1.16776
1.9577
1.1335
0.528717
1.15883
1.23367
0.526123
0.96611
1.51138
0.711288
0.712509
1.57219
1.02829
0.537567
1.28311
1.3871
0.617447
1.05614
1.62422
0.781021
0.825424
1.70792
1.08406
0.588303
1.40488
1.4315
0.606003
1.10184
1.68633
0.835571
0.853271
1.79794
1.25145
0.693512
1.62163
1.69647
0.767059
1.30341
1.87523
0.925598
0.940781
1.89804
1.30722
0.75943
1.69518
1.69144
0.707474
1.09543
1.5976
0.72525
0.678329
1.4315
0.910339
0.429764
1.05614
1.0714
0.38414
0.727768
1.14998
0.550232
0.564194
1.24634
0.840607
0.442505
1.11069
1.0701
0.45639
0.881195
1.33514
0.646591
0.650406
1.35918
0.897675
0.526123
1.30211
1.29326
0.529938
0.975037
1.53671
0.7341
0.72525
1.56204
1.02196
0.562897
1.41754
1.43402
0.61615
1.05614
1.5963
0.791168
0.775909
1.5976
1.06247
0.602264
1.3858
1.41121
0.611115
1.11572
1.71043
0.807648
0.781021
1.66733
1.08154
0.597153
1.41121
1.41243
0.6073
1.08025
1.67618
0.826645
0.821609
1.69899
1.12465
0.630112
1.47583
1.43906
0.611115
1.1322
1.67747
0.797501
0.769577
1.6597
1.12465
0.636444
1.47583
1.41624
0.602264
1.15128
1.71043
0.802536
0.857086
1.82076
1.16264
0.660553
1.50879
1.5316
0.664368
1.2413
1.81694
0.860901
0.865936
1.75858
1.17531
0.683365
1.58485
1.51512
0.640259
1.16142
1.7231
0.838089
0.874863
1.76369
1.05492
0.546417
1.2793
1.35796
0.59967
1.12717
1.6153
0.694809
0.69603
1.55067
1.01303
0.595932
1.41754
1.4492
0.588303
1.17027
2.0578
1.32751
1.69647
2.86423
1.99318
1.02196
1.8689
1.51138
0.524902
0.892563
1.325
0.613632
0.694809
1.46187
0.859604
0.432358
1.12465
1.17409
0.538864
1.00418
1.41502
0.650406
0.688477
1.43021
0.897675
0.55275
1.38077
1.33636
0.556564
1.05614
1.58745
0.770874
0.873566
1.73958
1.07773
0.642776
1.52153
1.47079
0.682144
1.20705
1.77383
0.887527
0.972443
1.88789
1.26282
0.806351
1.79665
1.70532
0.768356
1.35918
1.8689
0.896378
0.882416
1.69395
1.03081
0.537567
1.10306
1.02318
0.391769
0.772171
1.11954
0.521088
0.555344
1.09421
0.697327
0.405731
1.07262
1.03462
0.434875
0.897675
1.28311
0.564194
0.622559
1.29707
0.834274
0.47287
1.16776
1.14746
0.486832
0.943298
1.38458
0.675812
0.753098
1.52908
0.930634
0.556564
1.29456
1.14746
0.507126
1.02829
1.54053
0.688477
0.731583
1.51138
0.977554
0.617447
1.3884
1.32751
0.576859
1.05232
1.55449
0.762024
0.83046
1.63559
1.03714
0.625076
1.39343
1.31737
0.589523
1.14616
1.63307
0.772171
0.801315
1.6153
1.03714
0.654221
1.48727
1.42891
0.659256
1.17531
1.62544
0.772171
0.850754
1.63177
1.03966
0.640259
1.49612
1.45172
0.684662
1.25145
1.74973
0.863419
0.953445
1.7865
1.1145
0.699844
1.55449
1.45935
0.666885
1.16394
1.61026
0.770874
0.895157
1.75354
1.13602
0.706177
1.59882
1.48849
0.730286
1.39214
1.9323
0.943298
1.05362
1.9767
1.28693
0.826645
1.77887
1.70532
0.798798
1.35796
1.80168
0.834274
0.844421
1.64322
1.02829
0.656738
1.44539
1.34399
0.621262
1.14113
1.53923
0.693512
0.807648
1.58997
1.02448
0.647888
1.49742
1.43906
0.682144
1.50627
2.31773
1.52786
1.93108
2.85286
1.83975
0.952225
1.58867
1.20705
0.476685
0.879898
1.20834
0.542679
0.637741
1.23116
0.74295
0.443726
1.09169
1.00288
0.427246
0.860901
1.26282
0.583191
0.647888
1.31226
0.836792
0.540085
1.24886
1.17531
0.557861
1.01685
1.38199
0.693512
0.784836
1.53542
0.976257
0.631409
1.45813
1.37695
0.671997
1.29456
1.72943
0.83931
0.940781
1.82327
1.20834
0.791168
1.65466
1.58867
0.787354
1.38962
1.77132
0.871048
0.985184
1.74591
0.997849
0.604782
1.26534
1.12587
0.471649
0.907822
1.23116
0.562897
0.636444
1.25648
0.784836
0.484314
1.14365
1.07773
0.483017
0.986404
1.32622
0.631409
0.754395
1.45813
0.897675
0.59845
1.31355
1.17157
0.532532
0.997849
1.39214
0.660553
0.802536
1.54175
0.926819
0.59845
1.35284
1.25526
0.593338
1.12968
1.48476
0.680847
0.826645
1.49864
0.872345
0.580673
1.42509
1.34399
0.625076
1.11954
1.4949
0.701141
0.798798
1.54053
0.949631
0.622559
1.40862
1.32874
0.632629
1.14235
1.53419
0.692291
0.770874
1.5329
0.987701
0.644073
1.37566
1.2159
0.59845
1.18927
1.55701
0.75058
0.859604
1.58485
0.963593
0.631409
1.39214
1.24252
0.592117
1.1348
1.46446
0.717621
0.920486
1.66855
0.995331
0.663071
1.47835
1.31859
0.609818
1.16264
1.57852
0.773392
0.935669
1.69395
1.008
0.664368
1.47461
1.36047
0.636444
1.14235
1.47079
0.684662
0.796204
1.50375
0.935669
0.642776
1.39091
1.23497
0.602264
1.11954
1.48346
0.690994
0.796204
1.49612
0.933151
0.641556
1.5976
1.68129
1.00548
2.09335
2.61192
1.3884
1.3871
1.9944
1.008
0.602264
1.3427
1.16898
0.550232
1.01051
1.39343
0.663071
0.821609
1.49742
0.917969
0.673218
1.52023
1.3427
0.677032
1.28059
1.58485
0.75943
0.985184
1.8055
1.15128
0.817795
1.75102
1.53923
0.765762
1.4315
1.8309
0.943298
1.16394
1.97289
1.21849
0.854568
1.8689
1.62674
0.819092
1.56837
1.9944
0.96489
1.18423
1.98807
1.27045
0.881195
1.75476
1.44798
0.685883
1.23497
1.52275
0.689697
0.789871
1.3237
0.712509
0.448837
0.992737
0.845718
0.366364
0.808945
1.00418
0.415878
0.554047
1.04218
0.654221
0.466537
1.06125
0.892563
0.414581
0.897675
1.10687
0.503311
0.67955
1.3047
0.744247
0.513458
1.19057
1.01685
0.451355
0.971222
1.27296
0.583191
0.772171
1.45554
0.853271
0.592117
1.29959
1.14746
0.561676
1.08658
1.40106
0.641556
0.800018
1.49231
0.890045
0.64537
1.41876
1.1982
0.619965
1.18805
1.42387
0.635223
0.848236
1.54434
0.895157
0.652924
1.49742
1.27045
0.626297
1.21086
1.56204
0.716324
0.90271
1.59378
0.935669
0.682144
1.46568
1.31737
0.649185
1.22223
1.53801
0.711288
0.958557
1.74843
1.00548
0.717621
1.66351
1.39847
0.650406
1.26534
1.58867
0.753098
1.00037
1.73195
1.008
0.706177
1.59248
1.3858
0.655518
1.28944
1.58615
0.729065
0.924301
1.67366
0.995331
0.704956
1.55571
1.32874
0.644073
1.3047
1.661
0.779724
0.929337
1.64703
0.992737
0.748062
1.58485
1.30089
0.622559
1.21086
1.53542
0.674515
0.844421
1.55571
0.882416
0.613632
1.43272
1.19942
0.576859
1.14113
1.44287
0.699844
1.01181
1.7028
0.944595
0.801315
2.03499
2.15294
1.4492
2.32918
2.42554
1.09291
1.10184
1.64452
0.840607
0.531235
1.19057
1.0321
0.508423
1.06377
1.30722
0.570526
0.756912
1.39977
0.787354
0.570526
1.28944
1.06628
0.562897
1.19186
1.4315
0.623779
0.852051
1.57982
0.915451
0.716324
1.58363
1.34781
0.654221
1.25145
1.53038
0.74295
1.06247
1.88156
1.09421
0.848236
1.81442
1.53542
0.782318
1.54816
1.83342
0.89386
1.16394
1.92345
1.13602
0.863419
1.75102
1.43402
0.735397
1.29074
1.42387
0.613632
0.789871
1.3047
0.730286
0.535049
1.1525
0.921783
0.465317
0.945816
1.11572
0.490646
0.699844
1.32118
0.770874
0.58197
1.22864
1.01303
0.532532
1.10558
1.29074
0.635223
0.846939
1.42006
0.811462
0.622559
1.40106
1.07773
0.540085
1.1982
1.48216
0.702438
0.949631
1.61026
0.914154
0.708771
1.52153
1.25267
0.6073
1.23619
1.52023
0.704956
0.947113
1.64322
0.959778
0.729065
1.50627
1.23238
0.660553
1.27296
1.47835
0.668182
0.915451
1.61026
0.940781
0.723953
1.50124
1.18042
0.614929
1.26411
1.48346
0.663071
0.926819
1.57219
0.911636
0.720139
1.53419
1.22223
0.625076
1.20575
1.49361
0.702438
0.958557
1.56586
0.86853
0.709991
1.52657
1.17531
0.618744
1.22734
1.41754
0.660553
0.947113
1.66733
0.945816
0.744247
1.45172
1.07773
0.551529
1.2413
1.59248
0.744247
0.980072
1.66855
0.990219
0.810165
1.7041
1.33133
0.663071
1.33766
1.56082
0.706177
0.950928
1.66222
1.02318
0.763245
1.53038
1.24001
0.674515
1.26411
1.43784
0.717621
1.05492
1.73073
0.971222
0.775909
1.6394
1.34781
0.768356
1.68129
2.24419
1.43784
1.90697
2.43698
1.37314
0.942078
1.57982
1.07773
0.551529
1.1322
1.35414
0.644073
0.878677
1.43524
0.834274
0.678329
1.37695
1.09802
0.585785
1.19942
1.43021
0.678329
0.910339
1.53419
0.87738
0.739136
1.54816
1.22353
0.640259
1.21468
1.46187
0.718918
1.04347
1.68503
0.942078
0.751877
1.46187
1.17157
0.669403
1.34903
1.53671
0.74295
1.06758
1.76491
1.06506
0.831757
1.64322
1.30592
0.690994
1.35666
1.48598
0.692291
0.933151
1.42509
0.7341
0.533752
1.02448
0.772171
0.349884
0.827942
0.938263
0.415878
0.628891
0.98259
0.546417
0.436172
0.990219
0.772171
0.379105
0.895157
1.0067
0.493164
0.788651
1.27426
0.650406
0.499496
1.13861
0.926819
0.489426
1.05995
1.29837
0.663071
0.849457
1.35666
0.756912
0.644073
1.40488
1.17157
0.622559
1.2159
1.34018
0.637741
0.935669
1.54053
0.849457
0.736618
1.55319
1.20575
0.668182
1.30722
1.41754
0.659256
0.95726
1.6153
0.882416
0.75943
1.61026
1.19942
0.623779
1.31355
1.47835
0.69603
0.999069
1.63437
0.933151
0.779724
1.56334
1.1956
0.668182
1.36047
1.51009
0.704956
1.03714
1.64825
0.953445
0.834274
1.58745
1.16142
0.658035
1.30341
1.43272
0.702438
1.0688
1.71295
0.910339
0.723953
1.47835
1.19186
0.694809
1.39091
1.50627
0.721436
1.05232
1.66855
0.962296
0.835571
1.64825
1.21849
0.682144
1.40488
1.54175
0.762024
1.09169
1.63055
0.843124
0.684662
1.37947
1.05614
0.614929
1.29456
1.4061
0.628891
0.945816
1.58234
0.845718
0.729065
1.48346
1.10306
0.61615
1.27174
1.36429
0.74173
1.38458
2.34695
1.67999
1.60393
2.45346
1.79413
0.87738
1.40739
1.33766
0.584488
0.863419
1.33255
0.706177
0.619965
1.25015
0.923004
0.524902
1.16394
1.22223
0.576859
0.919189
1.48094
0.815277
0.730286
1.46568
1.0257
0.623779
1.39977
1.44539
0.664368
0.991516
1.5963
0.857086
0.802536
1.66855
1.23871
0.737915
1.51772
1.56967
0.75058
1.1779
1.8499
1.0714
0.968704
1.83464
1.37566
0.825424
1.6584
1.70662
0.815277
1.21338
1.73576
0.923004
0.794983
1.45683
0.96611
0.493164
1.00288
1.06758
0.481796
0.739136
1.12335
0.579376
0.53627
1.1335
0.825424
0.428543
0.96489
1.01555
0.465317
0.749283
1.19057
0.635223
0.592117
1.24634
0.935669
0.53627
1.12587
1.21086
0.571823
0.89386
1.42136
0.765762
0.744247
1.56204
1.06758
0.58197
1.23749
1.37566
0.666885
1.02951
1.63307
0.890045
0.779724
1.53923
1.12465
0.688477
1.40488
1.49742
0.74173
1.13861
1.73325
0.925598
0.834274
1.63055
1.13861
0.682144
1.40488
1.49231
0.730286
1.10184
1.72562
0.945816
0.840607
1.62926
1.17531
0.688477
1.42387
1.46446
0.697327
1.07521
1.60011
0.857086
0.821609
1.595
1.14868
0.673218
1.38962
1.46446
0.730286
1.15379
1.66481
0.829163
0.762024
1.45683
1.03844
0.651703
1.41502
1.47835
0.699844
1.06628
1.57349
0.817795
0.787354
1.58363
1.12717
0.665665
1.41624
1.5139
0.720139
1.09802
1.60393
0.811462
0.755692
1.51512
1.11069
0.621262
1.27174
1.31989
0.618744
0.999069
1.53671
0.788651
0.722656
1.48598
1.11198
0.61615
1.24382
1.27678
0.6073
1.00166
1.47713
0.75943
0.86853
2.04514
1.83846
1.42769
2.54471
2.4395
1.1335
1.38458
1.65588
0.722656
0.64537
1.33766
0.944595
0.5439
1.14746
1.19186
0.550232
0.879898
1.3224
0.704956
0.678329
1.42006
1.0257
0.604782
1.2793
1.30211
0.630112
1.05232
1.52527
0.754395
0.7341
1.5126
1.07391
0.669403
1.43402
1.38962
0.644073
1.11954
1.73828
0.950928
0.925598
1.7675
1.28441
0.791168
1.63559
1.64703
0.808945
1.29326
1.88919
1.05492
1.02699
1.86386
1.28311
0.72525
1.39725
1.33514
0.603485
0.87738
1.16524
0.58197
0.549011
1.09169
0.749283
0.429764
1.04477
1.0257
0.460205
0.777206
1.16646
0.613632
0.628891
1.26663
0.863419
0.524902
1.13861
1.14494
0.560379
0.959778
1.42769
0.751877
0.765762
1.49994
1.00288
0.602264
1.30089
1.33133
0.666885
1.10306
1.57478
0.835571
0.862198
1.68762
1.16394
0.699844
1.44798
1.48849
0.678329
1.06758
1.5519
0.787354
0.797501
1.54175
1.05614
0.623779
1.26534
1.29837
0.631409
1.08154
1.49994
0.717621
0.717621
1.38458
0.917969
0.545197
1.1982
1.20956
0.576859
0.972443
1.40862
0.699844
0.706177
1.37566
0.959778
0.609818
1.26793
1.19057
0.540085
0.959778
1.42509
0.722656
0.75943
1.53801
1.07521
0.618744
1.27296
1.24252
0.593338
1.06377
1.51642
0.781021
0.845718
1.66351
1.18805
0.737915
1.59126
1.50879
0.715103
1.20575
1.7244
0.835571
0.806351
1.5519
0.994034
0.595932
1.36681
1.38458
0.656738
1.05873
1.54556
0.793686
0.829163
1.61278
1.07773
0.664368
1.42136
1.35414
0.674515
1.40358
2.16812
1.36932
1.5139
2.41287
1.5976
0.806351
1.38077
1.14868
0.481796
0.904007
1.34018
0.669403
0.706177
1.39214
0.920486
0.561676
1.22864
1.19308
0.53627
0.942078
1.45813
0.758209
0.723953
1.38329
0.947113
0.611115
1.29326
1.21338
0.573044
1.08658
1.58997
0.815277
0.898972
1.71043
1.13602
0.732803
1.52786
1.43654
0.726471
1.27045
1.74469
0.892563
1.008
1.88667
1.30341
0.800018
1.71547
1.73454
0.862198
1.46187
1.89682
0.883713
0.853271
1.58745
0.997849
0.579376
1.13731
1.02951
0.443726
0.821609
1.20193
0.589523
0.603485
1.18805
0.786057
0.529938
1.19308
1.07262
0.436172
0.846939
1.23749
0.637741
0.704956
1.42639
0.874863
0.533752
1.20956
1.1525
0.551529
1.00548
1.40228
0.692291
0.764542
1.49742
0.999069
0.652924
1.42006
1.30592
0.59845
1.0701
1.51009
0.769577
0.832977
1.57219
1.00166
0.627594
1.31737
1.26793
0.61615
1.1322
1.54434
0.767059
0.812683
1.56082
0.994034
0.637741
1.3681
1.30974
0.626297
1.14868
1.60774
0.772171
0.843124
1.65718
1.0891
0.668182
1.41502
1.35284
0.669403
1.1779
1.54305
0.731583
0.797501
1.49864
0.961075
0.66185
1.47835
1.41121
0.652924
1.11572
1.57478
0.779724
0.857086
1.60393
1.04599
0.68718
1.53542
1.44798
0.693512
1.22101
1.67366
0.821609
0.905304
1.64955
1.01685
0.633926
1.39214
1.35666
0.642776
1.09543
1.50124
0.740433
0.841904
1.56715
1.00418
0.655518
1.45172
1.34399
0.635223
1.12206
1.58615
0.835571
0.914154
1.66222
1.22223
1.13983
2.52823
2.58148
1.50627
2.06039
2.17705
0.933151
0.860901
1.43272
0.881195
0.622559
1.33636
1.21338
0.611115
1.0701
1.40488
0.680847
0.806351
1.44417
0.849457
0.58197
1.38199
1.28693
0.637741
1.21086
1.61659
0.772171
0.871048
1.58615
1.03966
0.72525
1.53419
1.33766
0.655518
1.18294
1.5976
0.829163
1.02951
1.81946
1.18294
0.774689
1.66222
1.57852
0.798798
1.45302
1.89171
0.97374
1.08025
1.90567
1.23871
0.824127
1.63055
1.42258
0.652924
1.03714
1.29456
0.602264
0.697327
1.18805
0.712509
0.445023
1.008
0.933151
0.420914
0.898972
1.22101
0.561676
0.668182
1.25015
0.769577
0.521088
1.16524
1.06758
0.517273
0.963593
1.26793
0.59845
0.74173
1.44539
0.88623
0.612411
1.34781
1.23116
0.609818
1.09802
1.44798
0.730286
0.858383
1.55701
0.959778
0.665665
1.43654
1.29578
0.644073
1.20193
1.55823
0.721436
0.873566
1.5976
0.988922
0.68718
1.47964
1.28822
0.626297
1.14868
1.53801
0.726471
0.848236
1.62041
1.04477
0.74173
1.53801
1.3681
0.66185
1.15128
1.45302
0.711288
0.850754
1.60774
1.01685
0.694809
1.47583
1.28563
0.618744
1.19186
1.55701
0.789871
0.96611
1.6407
0.991516
0.704956
1.44539
1.24001
0.613632
1.18675
1.6407
0.808945
0.976257
1.72562
1.04858
0.739136
1.56586
1.42136
0.654221
1.16142
1.49612
0.731583
0.86853
1.52527
0.864716
0.603485
1.33385
1.16264
0.584488
1.12968
1.47461
0.689697
0.819092
1.4505
0.892563
0.636444
1.34018
1.16394
0.589523
1.28059
1.94626
1.20071
1.79794
2.86804
2.04132
1.27045
1.8943
1.37062
0.587006
0.961075
1.23871
0.626297
0.753098
1.28311
0.768356
0.5439
1.20705
1.0511
0.508423
1.06125
1.39595
0.671997
0.829163
1.53542
0.949631
0.623779
1.30722
1.14998
0.612411
1.2413
1.56586
0.75943
0.914154
1.6597
1.04858
0.783539
1.63689
1.41121
0.737915
1.41754
1.74721
0.898972
1.12717
1.94374
1.24763
0.916672
1.86127
1.57097
0.817795
1.56334
1.88667
0.897675
1.02066
1.63307
0.940781
0.650406
1.28822
0.985184
0.414581
0.846939
1.05232
0.486832
0.658035
1.18294
0.69603
0.471649
1.02829
0.890045
0.424728
0.929337
1.14746
0.516052
0.694809
1.18294
0.697327
0.503311
1.14868
1.01181
0.522385
1.00548
1.30211
0.623779
0.745544
1.30974
0.793686
0.614929
1.33636
1.14113
0.556564
1.09291
1.40488
0.673218
0.840607
1.50497
0.910339
0.685883
1.40228
1.16013
0.562897
1.16013
1.51512
0.701141
0.86853
1.58363
0.961075
0.655518
1.47461
1.28311
0.609818
1.22482
1.60263
0.775909
0.958557
1.64955
0.962296
0.704956
1.56967
1.41876
0.717621
1.30974
1.52405
0.701141
0.925598
1.72562
1.04729
0.740433
1.55571
1.31607
0.677032
1.31989
1.64192
0.807648
1.10184
1.82327
1.04858
0.730286
1.50879
1.25015
0.621262
1.16646
1.43524
0.694809
0.852051
1.50627
0.898972
0.665665
1.3871
1.12465
0.570526
1.19308
1.50879
0.702438
0.898972
1.54938
0.920486
0.735397
1.64703
1.60774
1.06247
2.19093
2.49397
1.26534
1.31989
1.78902
0.892563
0.597153
1.29326
1.04599
0.519791
1.11572
1.37444
0.660553
0.865936
1.5126
0.869751
0.688477
1.42136
1.16142
0.633926
1.22864
1.46568
0.671997
0.867233
1.52908
0.959778
0.72525
1.49361
1.2616
0.655518
1.33255
1.55067
0.735397
1.03462
1.75987
1.03462
0.800018
1.71043
1.45813
0.764542
1.4505
1.7231
0.874863
1.1779
1.93741
1.1956
0.905304
1.78398
1.43906
0.702438
1.24634
1.43402
0.689697
0.848236
1.33888
0.707474
0.540085
1.14494
0.900192
0.396805
0.849457
1.01555
0.470352
0.671997
1.14235
0.6707
0.505905
1.10687
0.912857
0.448837
1.01685
1.20834
0.562897
0.758209
1.29326
0.756912
0.595932
1.30592
1.07643
0.562897
1.16898
1.3237
0.594635
0.845718
1.53801
0.871048
0.668182
1.37314
1.10054
0.603485
1.18546
1.54175
0.729065
0.950928
1.63055
0.911636
0.716324
1.47202
1.16142
0.612411
1.22353
1.47461
0.722656
0.975037
1.60263
0.910339
0.721436
1.5519
1.27296
0.722656
1.43784
1.60263
0.707474
0.954742
1.67236
0.987701
0.81398
1.65588
1.29837
0.656738
1.31485
1.54434
0.731583
0.981369
1.60896
0.954742
0.797501
1.58112
1.21971
0.663071
1.33133
1.56334
0.745544
1.01181
1.73195
1.04599
0.86853
1.74843
1.37314
0.693512
1.26915
1.42258
0.671997
0.916672
1.52153
0.864716
0.694809
1.4492
1.16142
0.640259
1.22223
1.38329
0.655518
0.919189
1.49231
0.829163
0.690994
1.46446
1.21086
0.654221
1.29456
1.77765
1.10817
1.87782
2.7755
1.86256
1.42509
2.10098
1.40991
0.632629
1.05362
1.14746
0.541382
0.75943
1.25778
0.703659
0.585785
1.20193
0.976257
0.53627
1.1335
1.3427
0.639038
0.869751
1.44417
0.832977
0.713806
1.45935
1.09802
0.597153
1.15128
1.37695
0.694809
0.958557
1.53671
0.917969
0.815277
1.64825
1.27548
0.711288
1.39091
1.62926
0.80513
1.18042
1.89171
1.11198
0.926819
1.85242
1.45813
0.811462
1.57219
1.72943
0.825424
1.11198
1.71425
0.953445
0.732803
1.31355
0.938263
0.474167
0.952225
1.06125
0.466537
0.704956
1.14235
0.594635
0.477982
1.03333
0.826645
0.457687
0.976257
1.17157
0.568008
0.791168
1.22986
0.693512
0.59967
1.2616
0.971222
0.5439
1.12968
1.27678
0.628891
0.921783
1.48598
0.836792
0.701141
1.42509
1.11702
0.632629
1.24252
1.36551
0.659256
0.992737
1.58997
0.943298
0.841904
1.66733
1.27808
0.709991
1.39847
1.5316
0.739136
1.00922
1.52657
0.863419
0.789871
1.55823
1.16524
0.622559
1.2413
1.39214
0.674515
0.990219
1.62674
0.934448
0.760727
1.49742
1.17157
0.668182
1.29837
1.42387
0.690994
0.990219
1.53923
0.857086
0.730286
1.46187
1.16013
0.665665
1.2793
1.43906
0.715103
1.0714
1.68762
0.940781
0.788651
1.52657
1.17409
0.716324
1.41876
1.56715
0.732803
1.06247
1.65337
0.931931
0.81398
1.48346
1.11198
0.640259
1.24382
1.36047
0.674515
0.985184
1.50124
0.878677
0.770874
1.50879
1.15631
0.666885
1.30722
1.34781
0.671997
0.991516
1.62674
1.06628
1.25015
2.50923
2.31651
1.51894
2.21123
1.9577
0.798798
0.928116
1.31226
0.735397
0.675812
1.29196
0.95726
0.531235
1.07391
1.14868
0.560379
0.86853
1.37184
0.791168
0.683365
1.31989
1.03584
0.626297
1.25778
1.33766
0.64537
0.961075
1.46317
0.817795
0.783539
1.55067
1.1525
0.685883
1.31607
1.41624
0.7341
1.15509
1.76872
1.01433
0.969925
1.76872
1.27045
0.75943
1.58745
1.74591
0.865936
1.26915
1.88156
1.08025
0.921783
1.67618
1.15631
0.632629
1.16898
1.18805
0.549011
0.811462
1.10306
0.617447
0.551529
1.0701
0.80513
0.44754
0.936966
0.986404
0.475464
0.729065
1.09291
0.660553
0.59967
1.20575
0.921783
0.571823
1.1145
1.14494
0.540085
0.83046
1.29837
0.758209
0.704956
1.33636
0.98259
0.575638
1.17279
1.26663
0.639038
0.972443
1.53542
0.843124
0.732803
1.41121
0.987701
0.61615
1.29196
1.38962
0.67955
1.03462
1.56464
0.844421
0.769577
1.47583
1.05232
0.654221
1.28441
1.31607
0.655518
0.997849
1.53419
0.852051
0.778503
1.46187
1.10817
0.694809
1.35536
1.4505
0.706177
0.991516
1.56967
0.896378
0.829163
1.56204
1.14868
0.675812
1.31485
1.3858
0.715103
1.13861
1.65588
0.944595
0.895157
1.7218
1.25648
0.713806
1.33255
1.42639
0.712509
1.01303
1.48849
0.793686
0.74173
1.48598
1.1132
0.66185
1.325
1.29456
0.642776
1.02951
1.56837
0.841904
0.778503
1.53542
1.14113
0.684662
1.39725
1.67488
1.04347
1.92093
2.61574
1.61278
1.325
1.93481
1.14494
0.565491
1.10939
1.16524
0.576859
0.933151
1.37947
0.723953
0.723953
1.38329
0.942078
0.551529
1.13731
1.1956
0.623779
0.983887
1.42509
0.788651
0.769577
1.47331
1.06758
0.652924
1.31607
1.39847
0.707474
1.11198
1.58485
0.846939
0.820312
1.61278
1.19057
0.736618
1.49742
1.54686
0.792389
1.25397
1.7878
0.977554
1.02699
1.9323
1.44417
0.849457
1.61026
1.60645
0.772171
1.11572
1.59126
0.829163
0.698624
1.24382
0.83931
0.443726
0.949631
1.008
0.483017
0.749283
1.04218
0.571823
0.574341
1.1335
0.829163
0.485611
1.02448
1.0701
0.514755
0.810165
1.23871
0.690994
0.664368
1.26411
0.936966
0.554047
1.10435
1.17157
0.585785
0.944595
1.4505
0.798798
0.74173
1.4492
1.03462
0.627594
1.26411
1.29707
0.656738
1.03844
1.54556
0.855789
0.815277
1.4505
1.02951
0.644073
1.29578
1.34903
0.669403
1.03462
1.55571
0.835571
0.798798
1.55701
1.10687
0.68718
1.36932
1.42136
0.692291
1.08276
1.53923
0.806351
0.807648
1.57097
1.12587
0.697327
1.3871
1.3858
0.675812
1.01936
1.46446
0.808945
0.812683
1.53038
1.08536
0.684662
1.37184
1.37947
0.694809
1.06506
1.57478
0.860901
0.850754
1.52405
1.07391
0.69603
1.40106
1.37184
0.729065
1.20956
1.7421
0.926819
0.89386
1.63177
1.14746
0.723953
1.36932
1.3237
0.655518
1.04477
1.5126
0.816498
0.783539
1.42387
0.981369
0.6073
1.33003
1.37444
0.683365
1.09673
1.52405
0.774689
0.731583
1.45432
1.14113
0.928116
2.13135
2.44072
1.67618
2.20108
2.47246
1.28563
0.985184
1.53419
0.939484
0.523605
1.11702
1.15509
0.547714
0.87738
1.31607
0.722656
0.767059
1.40106
0.94841
0.604782
1.2616
1.21468
0.603485
1.04218
1.50757
0.784836
0.788651
1.49612
1.04599
0.6707
1.34399
1.34399
0.671997
1.08406
1.60141
0.888824
0.935669
1.7231
1.22734
0.801315
1.64955
1.65085
0.826645
1.35033
1.88538
1.06247
1.09039
1.87653
1.28944
0.791168
1.57349
1.54434
0.735397
1.08788
1.42509
0.690994
0.631409
1.16394
0.794983
0.481796
0.997849
0.944595
0.417099
0.749283
1.12717
0.576859
0.579376
1.15509
0.829163
0.481796
1.02448
1.06377
0.503311
0.858383
1.28563
0.699844
0.732803
1.38199
0.923004
0.589523
1.23116
1.20705
0.626297
1.02699
1.3858
0.726471
0.778503
1.4061
0.950928
0.623779
1.39343
1.30852
0.631409
1.02829
1.43524
0.75943
0.825424
1.54305
1.07521
0.68718
1.37184
1.30592
0.651703
1.0688
1.53801
0.829163
0.873566
1.54305
1.01685
0.640259
1.33888
1.33255
0.683365
1.12968
1.51894
0.786057
0.83931
1.57982
1.12083
0.702438
1.36932
1.35536
0.701141
1.09169
1.56334
0.834274
0.879898
1.58615
1.05873
0.693512
1.4061
1.34148
0.688477
1.14494
1.54434
0.840607
0.926819
1.66855
1.09039
0.692291
1.42891
1.43654
0.748062
1.18805
1.6407
0.898972
0.977554
1.72562
1.10687
0.701141
1.39473
1.35666
0.715103
1.14868
1.52657
0.753098
0.791168
1.50627
1.03966
0.690994
1.30722
1.20575
0.652924
1.10054
1.50124
0.824127
0.914154
1.61156
1.0701
0.768356
1.90567
2.26707
1.56082
2.24297
2.53716
1.28944
1.03584
1.59882
0.97374
0.614929
1.16394
1.1145
0.585785
1.008
1.34903
0.693512
0.768356
1.46828
0.997849
0.618744
1.25526
1.22986
0.614929
1.13861
1.57478
0.812683
0.882416
1.52153
1.0067
0.671997
1.35414
1.3427
0.721436
1.24252
1.67618
0.854568
0.921783
1.67366
1.15509
0.791168
1.6407
1.51138
0.783539
1.34903
1.82198
0.936966
1.00166
1.87271
1.34903
0.840607
1.53542
1.38199
0.673218
1.07895
1.41243
0.680847
0.688477
1.12717
0.751877
0.484314
0.939484
0.862198
0.389252
0.781021
1.04599
0.524902
0.602264
1.07895
0.706177
0.460205
1.01555
0.952225
0.481796
0.855789
1.11954
0.595932
0.706177
1.28189
0.863419
0.585785
1.23116
1.15509
0.617447
1.02066
1.30722
0.678329
0.754395
1.42006
0.933151
0.642776
1.27808
1.21338
0.641556
1.15128
1.54305
0.764542
0.825424
1.4949
0.976257
0.67955
1.39977
1.33888
0.677032
1.15631
1.595
0.810165
0.853271
1.53419
1.0067
0.711288
1.43272
1.31485
0.658035
1.14113
1.576
0.816498
0.919189
1.6584
1.0891
0.712509
1.45432
1.31989
0.675812
1.14998
1.52275
0.779724
0.914154
1.61278
1.01685
0.684662
1.41502
1.40739
0.727768
1.24512
1.68503
0.849457
0.933151
1.661
1.0688
0.737915
1.44669
1.33255
0.651703
1.13602
1.46828
0.72525
0.781021
1.48598
0.98259
0.647888
1.3237
1.22604
0.618744
1.0891
1.41243
0.729065
0.86853
1.61156
1.02448
0.735397
1.79665
1.93611
1.24382
2.1035
2.38113
1.1956
1.05362
1.54434
0.873566
0.545197
1.13983
1.03844
0.507126
0.996552
1.34651
0.659256
0.722656
1.32751
0.881195
0.602264
1.27045
1.20705
0.647888
1.12083
1.44287
0.730286
0.831757
1.53038
0.963593
0.64537
1.42509
1.37444
0.66185
1.16264
1.55571
0.775909
0.891342
1.64322
1.07773
0.786057
1.66985
1.53038
0.726471
1.31355
1.79413
0.940781
1.12846
1.88286
1.2793
0.869751
1.61789
1.34651
0.674515
1.18546
1.5329
0.712509
0.729065
1.22864
0.735397
0.458984
0.995331
0.912857
0.413284
0.838089
1.0498
0.481796
0.600967
1.1779
0.763245
0.495758
1.06506
1.01433
0.509644
0.949631
1.23749
0.617447
0.706177
1.31104
0.846939
0.604782
1.28189
1.14235
0.576859
1.03333
1.38077
0.712509
0.81398
1.53419
0.955963
0.674515
1.41243
1.2616
0.623779
1.13861
1.48476
0.716324
0.858383
1.5316
0.954742
0.6707
1.44669
1.29578
0.651703
1.15761
1.52657
0.784836
0.891342
1.52405
0.959778
0.668182
1.40991
1.28441
0.680847
1.18927
1.53038
0.767059
0.88623
1.59882
1.03844
0.726471
1.45172
1.26282
0.625076
1.14998
1.52527
0.775909
0.929337
1.6407
1.02066
0.708771
1.46187
1.28441
0.646591
1.13731
1.51642
0.760727
0.888824
1.63307
1.01685
0.674515
1.36932
1.20834
0.637741
1.22223
1.67488
0.824127
0.934448
1.63689
1.04858
0.75943
1.60645
1.41121
0.698624
1.22864
1.56334
0.74173
0.849457
1.50627
0.917969
0.671997
1.39725
1.259
0.652924
1.12335
1.37062
0.708771
0.874863
1.54305
0.977554
0.702438
1.42891
1.32622
0.735397
1.47202
2.16179
1.50124
1.97922
2.8376
1.90063
1.13983
1.81313
1.30974
0.602264
1.02699
1.28944
0.641556
0.731583
1.36681
0.901489
0.625076
1.2413
1.11572
0.608597
1.09924
1.36299
0.68718
0.853271
1.50375
0.95726
0.671997
1.41502
1.24252
0.641556
1.16264
1.48727
0.765762
0.934448
1.6407
1.07521
0.786057
1.6584
1.50375
0.740433
1.31104
1.68884
0.88623
1.08025
1.86386
1.31737
0.983887
1.93481
1.68633
0.841904
1.48216
1.79031
0.914154
1.10184
1.69395
0.96489
0.628891
1.20071
1.01303
0.475464
0.836792
1.0701
0.521088
0.647888
1.06377
0.665665
0.470352
1.03462
0.915451
0.44754
0.883713
1.07391
0.5439
0.697327
1.25267
0.754395
0.5439
1.17912
1.02448
0.542679
1.00418
1.29456
0.67955
0.81398
1.42639
0.900192
0.678329
1.39847
1.24382
0.651703
1.17531
1.51772
0.756912
0.931931
1.65466
1.06125
0.774689
1.54938
1.36047
0.722656
1.27548
1.60515
0.832977
0.981369
1.66985
1.06125
0.791168
1.59248
1.41121
0.749283
1.37566
1.7244
0.858383
0.997849
1.68884
1.10939
0.794983
1.49742
1.28693
0.711288
1.27426
1.55823
0.788651
0.945816
1.55823
0.978851
0.715103
1.39725
1.21719
0.660553
1.20453
1.4315
0.730286
0.940781
1.62544
1.03462
0.756912
1.50879
1.3237
0.693512
1.21849
1.50879
0.770874
0.945816
1.63559
1.03584
0.769577
1.42258
1.24886
0.722656
1.23116
1.49864
0.75943
0.930634
1.52786
0.904007
0.675812
1.35918
1.13983
0.587006
1.05232
1.3884
0.703659
0.817795
1.37947
0.874863
0.682144
1.35918
1.13983
0.592117
1.0714
1.30852
0.66185
0.995331
1.9944
1.63307
1.50497
2.53456
2.18842
1.07262
1.47331
1.47835
0.666885
0.789871
1.39214
0.831757
0.595932
1.23619
1.07521
0.597153
1.06506
1.31859
0.649185
0.788651
1.29456
0.793686
0.609818
1.20705
1.00418
0.498276
0.969925
1.25526
0.654221
0.80513
1.3427
0.819092
0.637741
1.27426
1.08025
0.595932
1.09924
1.36551
0.704956
0.881195
1.47964
0.919189
0.716324
1.45813
1.20323
0.654221
1.29456
1.59248
0.767059
0.890045
1.50246
0.933151
0.677032
1.28944
0.988922
0.479279
0.896378
1.02699
0.474167
0.58197
0.953445
0.535049
0.373993
0.905304
0.774689
0.394287
0.80513
0.947113
0.483017
0.671997
1.09421
0.626297
0.471649
1.04218
0.923004
0.499496
0.98259
1.19057
0.570526
0.731583
1.26411
0.779724
0.612411
1.32118
1.09802
0.574341
1.09169
1.38077
0.652924
0.782318
1.39214
0.876083
0.665665
1.37444
1.18294
0.602264
1.11954
1.40739
0.684662
0.887527
1.49742
0.938263
0.732803
1.41373
1.18423
0.628891
1.17912
1.41624
0.735397
0.901489
1.4949
0.876083
0.697327
1.47713
1.27045
0.669403
1.1348
1.44287
0.767059
0.94841
1.52023
0.942078
0.745544
1.4949
1.24252
0.664368
1.24512
1.51512
0.75058
0.940781
1.53923
0.944595
0.791168
1.61911
1.33888
0.709991
1.33888
1.63689
0.810165
0.997849
1.65207
0.999069
0.768356
1.47964
1.24763
0.693512
1.30974
1.50246
0.723953
0.949631
1.56967
0.938263
0.684662
1.40739
1.18172
0.6707
1.25015
1.49864
0.744247
1.00922
1.6597
1.05362
0.949631
2.11235
2.09457
1.44669
2.32407
2.37991
1.08536
1.0498
1.48849
0.821609
0.618744
1.27548
1.10817
0.593338
1.09169
1.32751
0.713806
0.896378
1.49612
0.855789
0.666885
1.3884
1.19057
0.656738
1.18294
1.37062
0.739136
0.978851
1.576
0.934448
0.736618
1.46828
1.24886
0.727768
1.3237
1.56204
0.762024
0.997849
1.72691
1.10184
0.831757
1.58234
1.37947
0.789871
1.50497
1.77505
0.920486
1.16142
1.8512
1.1322
0.849457
1.64322
1.36932
0.706177
1.20071
1.34781
0.61615
0.820312
1.30974
0.737915
0.546417
1.03333
0.83931
0.426025
0.919189
1.07391
0.521088
0.708771
1.18546
0.712509
0.560379
1.18423
1.00922
0.532532
1.00418
1.22864
0.59967
0.83931
1.45172
0.909042
0.717621
1.46698
1.21719
0.682144
1.25648
1.50246
0.767059
1.01936
1.64703
0.953445
0.768356
1.5329
1.28059
0.680847
1.27296
1.54816
0.787354
1.03844
1.65085
0.997849
0.82283
1.58234
1.24252
0.694809
1.33766
1.59882
0.740433
0.938263
1.55571
0.926819
0.731583
1.43402
1.13983
0.642776
1.21086
1.45302
0.721436
0.954742
1.58234
0.934448
0.727768
1.42387
1.19186
0.694809
1.325
1.50246
0.721436
0.952225
1.53038
0.905304
0.751877
1.47964
1.2159
0.685883
1.35918
1.55571
0.764542
0.999069
1.61659
0.962296
0.781021
1.50627
1.19308
0.694809
1.33003
1.60896
0.798798
1.02829
1.60011
0.978851
0.825424
1.62292
1.26915
0.651703
1.18172
1.39091
0.721436
0.997849
1.64192
0.961075
0.753098
1.40991
1.12717
0.649185
1.2603
1.47202
0.730286
0.978851
1.6584
1.01303
0.849457
1.89171
1.95007
1.43784
2.49527
2.66266
1.3858
1.49742
1.86256
0.992737
0.718918
1.30592
1.05614
0.580673
1.07391
1.24512
0.635223
0.867233
1.35033
0.793686
0.654221
1.29196
1.05614
0.617447
1.17912
1.30852
0.635223
0.848236
1.40358
0.855789
0.72525
1.38077
1.12083
0.64537
1.22482
1.3884
0.693512
0.967407
1.58745
0.952225
0.802536
1.61789
1.28311
0.711288
1.35284
1.57982
0.80513
1.13731
1.85493
1.16898
0.977554
1.79413
1.37825
0.748062
1.24382
1.36551
0.631409
0.82283
1.28189
0.701141
0.510941
0.981369
0.786057
0.394287
0.844421
0.909042
0.432358
0.711288
1.21468
0.702438
0.532532
1.05743
0.876083
0.462799
0.975037
1.16264
0.547714
0.769577
1.28189
0.758209
0.659256
1.34903
1.09169
0.59967
1.15379
1.25648
0.636444
0.897675
1.42258
0.88501
0.760727
1.4949
1.1969
0.675812
1.23497
1.40106
0.678329
0.995331
1.59126
0.905304
0.782318
1.4949
1.24001
0.684662
1.1969
1.36429
0.715103
1.01685
1.57982
0.914154
0.778503
1.595
1.22986
0.692291
1.32874
1.51138
0.772171
1.18042
1.88416
1.13861
0.990219
1.90445
1.61156
0.914154
1.67618
1.9577
1.04599
1.38962
2.0578
1.27678
1.08276
1.94756
1.56837
0.879898
1.66603
1.87019
0.971222
1.32622
1.95007
1.13731
0.978851
1.8309
1.47202
0.820312
1.57982
1.83975
0.933151
1.24886
1.88286
1.09543
0.82283
1.52527
1.18805
0.697327
1.30852
1.45683
0.702438
0.94841
1.53801
0.897675
0.720139
1.37825
1.12587
0.659256
1.16264
1.33514
0.656738
0.820312
1.25526
0.718918
0.609818
1.34903
1.27045
0.90271
1.85623
2.04643
1.01051
1.09039
1.31355
0.613632
0.446243
0.912857
0.711288
0.319519
0.773392
0.926819
0.489426
0.718918
1.10184
0.621262
0.516052
0.995331
0.793686
0.433578
0.928116
1.09421
0.53627
0.739136
1.1132
0.650406
0.59082
1.16524
0.94841
0.550232
1.09421
1.20071
0.571823
0.83046
1.33003
0.778503
0.716324
1.43784
1.1525
0.636444
1.27174
1.46446
0.763245
1.16524
1.76369
0.991516
0.810165
1.62926
1.32751
0.763245
1.37184
1.42387
0.717621
1.02196
1.53038
0.840607
0.680847
1.3224
1.06125
0.622559
1.16776
1.33636
0.677032
0.971222
1.50627
0.882416
0.784836
1.56837
1.21468
0.697327
1.36932
1.47202
0.721436
1.0498
1.71677
0.997849
0.855789
1.65718
1.30722
0.762024
1.40991
1.58485
0.791168
1.12717
1.67366
0.921783
0.807648
1.5976
1.25526
0.758209
1.50124
1.51642
0.723953
1.03966
1.61659
0.934448
0.803833
1.4949
1.16013
0.69603
1.30341
1.39847
0.659256
0.926819
1.41876
0.770874
0.675812
1.31485
0.976257
0.557861
1.10184
1.29326
0.66185
0.933151
1.45302
0.835571
0.746765
1.38077
1.02318
0.630112
1.24252
1.36177
0.692291
0.942078
1.4492
0.846939
0.760727
1.49231
1.1322
0.650406
1.24763
1.39343
0.701141
1.0498
1.62674
0.895157
0.783539
1.53038
1.11954
0.623779
1.20956
1.36681
0.660553
0.958557
1.45935
0.788651
0.68718
1.37444
1.05995
0.619965
1.17912
1.3047
0.626297
0.900192
1.40488
0.811462
0.718918
1.37825
1.15509
0
0
