4404
0.832977
0.945816
1.52023
1.20956
0.838089
1.20453
1.25145
0.854568
1.11198
1.37825
0.923004
0.971222
1.41373
1.09039
0.887527
1.33003
1.27045
0.867233
1.18172
1.43021
0.881195
0.891342
1.32118
1.00288
0.737915
1.1525
1.1348
0.754395
1.07643
1.34781
0.832977
0.797501
1.12587
0.911636
0.744247
1.18042
1.14235
0.717621
0.968704
1.16776
0.709991
0.746765
1.28441
1.03462
0.829163
1.43272
1.3237
0.758209
1.10558
1.39343
0.768356
0.765762
1.25526
0.872345
0.557861
0.935669
0.983887
0.685883
0.996552
1.21468
0.722656
0.74295
1.17027
0.862198
0.613632
0.924301
0.873566
0.604782
1.17157
1.96526
1.73325
2.0388
2.62589
1.83212
0.928116
1.11069
0.914154
0.549011
0.862198
1.1348
0.69603
0.720139
1.06506
0.797501
0.628891
1.10306
1.07262
0.635223
0.925598
1.22986
0.756912
0.802536
1.26793
0.912857
0.715103
1.2603
1.31226
0.812683
1.21849
1.52786
0.87738
1.04347
1.79153
1.31859
0.942078
1.62422
1.57852
0.94841
1.50124
1.78902
1.09291
1.12587
1.65718
1.20834
0.933151
1.58615
1.57097
0.900192
1.28059
1.54816
0.919189
0.994034
1.54816
1.13098
0.801315
1.24886
1.14998
0.675812
0.936966
1.18042
0.69603
0.775909
1.25145
0.888824
0.67955
1.14998
1.12968
0.7341
1.02951
1.3224
0.808945
0.863419
1.30341
0.977554
0.769577
1.27296
1.11832
0.692291
1.08154
1.40228
0.860901
0.96489
1.53801
1.08658
0.812683
1.36429
1.20834
0.748062
1.18294
1.52908
0.891342
0.949631
1.45432
1.05995
0.854568
1.44165
1.31485
0.767059
1.14494
1.48476
0.919189
0.987701
1.46698
1.1145
0.825424
1.51894
1.50757
0.890045
1.27296
1.58485
0.938263
0.945816
1.49742
1.10306
0.779724
1.21971
1.13602
0.67955
0.996552
1.20453
0.689697
0.775909
1.27296
0.931931
0.716324
1.09291
1.06506
0.68718
0.972443
1.18805
0.717621
0.854568
1.58234
1.53419
1.5773
2.49779
2.40143
1.29196
1.25267
1.21208
0.647888
0.711288
1.17157
0.83046
0.628891
1.15761
1.12587
0.683365
0.953445
1.23749
0.773392
0.86853
1.44539
1.05492
0.783539
1.26663
1.10687
0.673218
1.0498
1.37184
0.835571
0.909042
1.49231
1.05492
0.786057
1.39595
1.33003
0.769577
1.22223
1.6584
0.991516
1.1145
1.75735
1.18172
0.907822
1.67488
1.62422
0.914154
1.32622
1.6584
0.992737
1.13731
1.79031
1.28822
0.910339
1.45432
1.30974
0.712509
1.04599
1.28059
0.692291
0.762024
1.26793
0.872345
0.641556
1.1982
1.19057
0.726471
1.17409
1.45172
0.75058
0.758209
1.33514
1.00288
0.756912
1.36932
1.24763
0.720139
1.16524
1.56586
0.86853
0.971222
1.66222
1.13861
0.803833
1.4695
1.28563
0.684662
1.10817
1.51138
0.88501
0.967407
1.5976
1.1132
0.788651
1.41624
1.28189
0.660553
1.09039
1.47964
0.798798
0.862198
1.45432
0.990219
0.74295
1.44669
1.30592
0.721436
1.18172
1.5773
0.844421
0.910339
1.52527
0.967407
0.665665
1.21849
1.16646
0.658035
1.00166
1.30341
0.688477
0.787354
1.37314
0.862198
0.602264
1.12717
1.06506
0.58197
0.89386
1.09421
0.573044
0.683365
1.50627
1.40991
1.43272
2.51556
2.35451
1.14746
1.22353
1.23497
0.631409
0.754395
1.25648
0.792389
0.554047
1.05492
0.97374
0.498276
0.820312
1.12846
0.650406
0.699844
1.23619
0.873566
0.619965
1.17279
1.06125
0.595932
1.05362
1.39977
0.775909
0.929337
1.595
1.02318
0.682144
1.33255
1.30592
0.688477
1.12846
1.59378
0.843124
0.950928
1.64955
1.11572
0.775909
1.54816
1.52527
0.772171
1.27296
1.7675
0.905304
0.983887
1.73828
1.09673
0.711288
1.37566
1.34018
0.678329
1.02066
1.34781
0.673218
0.716324
1.30211
0.876083
0.58197
1.14235
1.08658
0.551529
0.926819
1.20956
0.640259
0.711288
1.27548
0.858383
0.583191
1.21971
1.16394
0.562897
0.97374
1.41754
0.732803
0.755692
1.3681
0.943298
0.673218
1.3884
1.28822
0.641556
1.03333
1.48849
0.806351
0.869751
1.51894
1.04599
0.763245
1.49994
1.33255
0.692291
1.13983
1.53038
0.783539
0.864716
1.58234
1.06758
0.716324
1.4315
1.30211
0.665665
1.14113
1.67999
0.928116
0.96489
1.71043
1.20071
0.824127
1.71165
1.61156
0.778503
1.22604
1.63437
0.849457
0.907822
1.53542
0.928116
0.614929
1.28059
1.1956
0.628891
1.05614
1.43906
0.680847
0.736618
1.41502
0.955963
0.668182
1.27296
1.12717
0.514755
0.900192
1.46446
0.992737
1.53801
2.71973
2.28859
1.64574
2.01729
1.46065
0.630112
0.947113
1.22986
0.609818
0.680847
1.24001
0.846939
0.554047
1.08025
0.988922
0.566711
0.983887
1.35284
0.716324
0.775909
1.31859
0.869751
0.637741
1.23749
1.19438
0.66185
1.04095
1.45813
0.812683
0.978851
1.71928
1.11198
0.778503
1.41754
1.29326
0.706177
1.19057
1.6394
0.930634
1.04218
1.75735
1.21086
0.821609
1.6407
1.60896
0.863419
1.40106
1.7662
0.945816
1.02196
1.64192
1.0891
0.789871
1.35796
1.1525
0.593338
0.967407
1.1525
0.597153
0.651703
1.13983
0.784836
0.508423
1.02448
1.0688
0.611115
0.938263
1.17409
0.627594
0.69603
1.28822
0.88501
0.594635
1.09673
1.06125
0.618744
1.01433
1.33636
0.673218
0.748062
1.33766
0.859604
0.578156
1.18927
1.16264
0.571823
0.954742
1.29837
0.674515
0.726471
1.22223
0.853271
0.621262
1.08658
1.008
0.550232
0.958557
1.20834
0.668182
0.817795
1.39343
0.934448
0.678329
1.32874
1.14868
0.608597
0.972443
1.28563
0.682144
0.826645
1.43402
0.992737
0.697327
1.28189
1.25145
0.718918
1.30852
1.73454
0.961075
1.05362
1.66855
1.0891
0.769577
1.53038
1.33255
0.675812
1.07895
1.44287
0.753098
0.824127
1.41624
0.949631
0.703659
1.37314
1.26663
0.659256
1.10817
1.47964
0.784836
0.810165
1.41121
1.04477
0.882416
1.97792
2.37099
1.82076
2.39891
2.59163
1.31607
1.01685
1.42891
0.981369
0.749283
1.31859
1.15761
0.614929
0.942078
1.23871
0.727768
0.829163
1.35666
0.916672
0.674515
1.26411
1.20956
0.68718
1.08406
1.39343
0.762024
0.808945
1.34018
0.928116
0.67955
1.26915
1.2616
0.731583
1.11832
1.49109
0.892563
0.994034
1.576
1.0701
0.812683
1.44417
1.45432
0.857086
1.19942
1.53923
0.930634
0.942078
1.46698
1.10939
0.836792
1.47079
1.42387
0.845718
1.17661
1.40739
0.797501
0.791168
1.13983
0.772171
0.576859
1.02196
0.981369
0.55275
0.80513
1.0067
0.66185
0.760727
1.24634
0.865936
0.660553
1.19308
1.13983
0.684662
1.0257
1.28822
0.744247
0.854568
1.4695
0.967407
0.66185
1.1969
1.17157
0.736618
1.10687
1.36551
0.736618
0.784836
1.28822
0.855789
0.611115
1.11702
1.0511
0.640259
1.0714
1.44539
0.764542
0.834274
1.38962
0.936966
0.702438
1.2793
1.22864
0.671997
1.0498
1.36299
0.769577
0.881195
1.49742
0.986404
0.727768
1.36429
1.26411
0.727768
1.26663
1.6407
0.883713
0.991516
1.58867
1.05743
0.865936
1.62544
1.52908
0.862198
1.40106
1.78139
1.01051
1.14746
1.72813
1.05614
0.7341
1.29326
1.15631
0.673218
1.07391
1.33514
0.727768
0.817795
1.50375
1.06758
0.806351
1.48094
1.21971
0.632629
1.0321
1.38962
0.83046
1.23871
2.43439
2.19223
1.83846
2.54471
1.99699
0.86853
1.15128
1.35918
0.704956
0.800018
1.32874
0.832977
0.602264
1.15761
1.02448
0.533752
0.920486
1.19186
0.637741
0.777206
1.37947
0.878677
0.619965
1.22101
1.18172
0.671997
1.0714
1.37947
0.749283
0.860901
1.52153
0.969925
0.666885
1.38329
1.34018
0.744247
1.2603
1.61911
0.857086
1.01051
1.69014
1.12083
0.81398
1.48849
1.41754
0.796204
1.27678
1.63055
0.897675
1.06628
1.71806
1.11572
0.770874
1.43272
1.28441
0.677032
1.10558
1.35536
0.646591
0.690994
1.10817
0.74173
0.559158
1.06125
0.940781
0.507126
0.863419
1.0498
0.600967
0.737915
1.21719
0.796204
0.579376
1.20071
1.11069
0.579376
0.947113
1.20575
0.663071
0.806351
1.42891
0.977554
0.690994
1.25267
1.20956
0.698624
1.13731
1.42258
0.756912
0.86853
1.45813
0.969925
0.727768
1.35033
1.22101
0.678329
1.11954
1.34651
0.731583
0.912857
1.51894
0.96489
0.732803
1.45813
1.33255
0.729065
1.14746
1.41121
0.735397
0.876083
1.55067
1.08276
0.882416
1.73958
1.61156
0.838089
1.31226
1.59126
0.865936
1.04218
1.68884
1.04218
0.711288
1.33133
1.26663
0.72525
1.11702
1.36177
0.758209
0.895157
1.4492
0.987701
0.751877
1.31859
1.15128
0.639038
1.0321
1.3681
0.859604
1.31859
2.4585
2.21252
1.81061
2.33681
1.60896
0.659256
0.916672
1.16646
0.659256
0.777206
1.29456
0.840607
0.668182
1.29196
1.12465
0.632629
1.04095
1.27548
0.701141
0.815277
1.29196
0.83046
0.67955
1.26663
1.19057
0.693512
1.09543
1.31355
0.707474
0.849457
1.46828
0.983887
0.697327
1.27808
1.22986
0.778503
1.31355
1.5773
0.882416
1.07391
1.71165
1.10939
0.792389
1.4492
1.36429
0.772171
1.30974
1.67114
0.943298
1.08025
1.62544
1.01303
0.737915
1.29578
1.13098
0.532532
0.836792
1.08025
0.606003
0.675812
1.1132
0.758209
0.585785
1.06506
0.988922
0.575638
0.90271
1.08406
0.589523
0.721436
1.18042
0.773392
0.612411
1.15761
0.962296
0.585785
1.02318
1.2793
0.68718
0.801315
1.30341
0.858383
0.665665
1.22223
1.08536
0.642776
1.11198
1.42639
0.748062
0.862198
1.43524
0.936966
0.698624
1.27678
1.10054
0.622559
1.11572
1.47079
0.758209
0.857086
1.45172
0.926819
0.735397
1.37184
1.24512
0.739136
1.30592
1.62422
0.779724
0.924301
1.53923
0.981369
0.748062
1.3884
1.16898
0.617447
0.997849
1.31104
0.746765
0.841904
1.38962
0.864716
0.617447
1.14616
1.05995
0.631409
1.02066
1.24886
0.636444
0.783539
1.53038
1.35918
1.41502
2.584
2.46735
1.40488
1.54938
1.38329
0.640259
0.746765
1.23116
0.786057
0.604782
1.14746
0.995331
0.542679
0.934448
1.21338
0.689697
0.800018
1.29196
0.820312
0.628891
1.20453
1.11954
0.655518
1.1132
1.40106
0.744247
0.840607
1.43021
0.943298
0.720139
1.40106
1.3427
0.777206
1.23749
1.61789
0.921783
1.09169
1.70532
1.10558
0.88501
1.6597
1.47964
0.844421
1.39847
1.71677
0.954742
1.1322
1.78902
1.16264
0.895157
1.56082
1.26534
0.6707
1.05995
1.30974
0.650406
0.711288
1.18546
0.812683
0.631409
1.15379
1.00288
0.556564
0.997849
1.25778
0.666885
0.788651
1.29578
0.829163
0.611115
1.17279
1.10687
0.655518
1.10558
1.3047
0.668182
0.811462
1.34148
0.863419
0.659256
1.17157
1.04095
0.595932
1.04218
1.40488
0.797501
0.921783
1.48476
0.959778
0.745544
1.40106
1.28693
0.720139
1.1779
1.40358
0.769577
0.943298
1.54556
1.03462
0.832977
1.54434
1.35414
0.770874
1.26282
1.60011
0.879898
1.02448
1.60141
0.999069
0.803833
1.48727
1.21971
0.652924
1.08788
1.3047
0.66185
0.800018
1.325
0.869751
0.702438
1.29074
1.13731
0.635223
1.00166
1.16013
0.589523
0.717621
1.34148
1.02951
1.21208
2.48512
2.42805
1.53542
1.81694
1.63689
0.709991
0.796204
1.29837
0.831757
0.594635
1.02196
0.934448
0.537567
0.89386
0.983887
0.546417
0.690994
1.12206
0.794983
0.678329
1.30211
1.19057
0.66185
1.07521
1.3237
0.74173
0.928116
1.54556
0.940781
0.6707
1.2793
1.25778
0.768356
1.26663
1.64452
0.954742
1.16776
1.80428
1.20834
0.963593
1.73576
1.55067
0.873566
1.37314
1.70532
0.972443
1.15883
1.7244
1.16524
0.87738
1.52153
1.30852
0.751877
1.14235
1.26282
0.623779
0.727768
1.10939
0.694809
0.569305
1.02951
0.859604
0.508423
0.845718
1.03462
0.597153
0.699844
1.09924
0.754395
0.613632
1.10558
0.997849
0.618744
1.05873
1.28311
0.72525
0.872345
1.34148
0.88501
0.721436
1.29707
1.14494
0.678329
1.08406
1.36177
0.746765
0.881195
1.3871
0.920486
0.730286
1.34018
1.17409
0.673218
1.05362
1.31859
0.772171
0.920486
1.33133
0.906525
0.80513
1.52527
1.36932
0.797501
1.31355
1.53419
0.846939
0.986404
1.52153
0.985184
0.765762
1.18423
1.008
0.592117
0.971222
1.12587
0.646591
0.825424
1.34399
0.863419
0.654221
1.23749
1.13731
0.644073
0.933151
1.03966
0.579376
0.811462
1.595
1.3871
1.55571
2.57896
2.35069
1.259
1.4061
1.4505
0.768356
0.838089
1.30211
0.896378
0.735397
1.31226
1.09291
0.646591
1.11954
1.42006
0.817795
1.02066
1.54816
0.997849
0.825424
1.41502
1.21468
0.767059
1.30341
1.5519
0.88501
1.05995
1.61278
1.05232
0.859604
1.56464
1.38329
0.832977
1.34148
1.68503
0.983887
1.15128
1.65718
1.07391
0.882416
1.54816
1.37184
0.82283
1.30592
1.48849
0.801315
1.01555
1.56715
1.00922
0.797501
1.37566
1.18675
0.682144
0.997849
1.13602
0.627594
0.748062
1.18294
0.797501
0.635223
1.008
0.881195
0.551529
0.939484
1.08788
0.609818
0.740433
1.11198
0.75058
0.639038
1.08154
0.935669
0.59082
1.01181
1.22101
0.730286
0.845718
1.23619
0.836792
0.72525
1.325
1.10184
0.635223
1.02066
1.18927
0.709991
0.832977
1.32874
0.891342
0.744247
1.27045
1.11198
0.692291
1.07643
1.27678
0.744247
0.840607
1.25267
0.848236
0.683365
1.29456
1.24512
0.819092
1.27808
1.42769
0.808945
1.04477
1.64192
1.0714
0.848236
1.32751
1.07895
0.671997
1.04347
1.24763
0.703659
0.862198
1.3047
0.888824
0.758209
1.24634
1.05232
0.677032
1.03714
1.14868
0.647888
0.765762
1.06758
0.762024
0.846939
1.912
2.11487
1.60011
2.32536
2.27463
1.06506
0.958557
1.26663
0.846939
0.712509
1.20323
1.04095
0.669403
1.03333
1.20323
0.703659
0.863419
1.31485
0.904007
0.755692
1.29959
1.14365
0.694809
1.14365
1.40106
0.807648
0.94841
1.45813
1.03462
0.86853
1.49612
1.35536
0.810165
1.30341
1.52023
0.90271
1.10687
1.61659
1.0498
0.929337
1.71165
1.50627
0.915451
1.45683
1.63689
0.928116
1.08276
1.66603
1.19438
0.963593
1.54053
1.325
0.783539
1.17912
1.30974
0.72525
0.850754
1.20575
0.803833
0.66185
1.07643
0.89386
0.540085
0.862198
1.0257
0.685883
0.88501
1.22734
0.789871
0.689697
1.14998
0.996552
0.636444
0.997849
1.15631
0.707474
0.892563
1.31859
0.83931
0.697327
1.16264
1.00418
0.698624
1.12846
1.22223
0.717621
0.926819
1.43272
0.94841
0.775909
1.30341
1.14746
0.718918
1.13098
1.40106
0.831757
1.02699
1.52786
1.00288
0.806351
1.28563
1.05995
0.760727
1.30341
1.47583
0.912857
1.17157
1.62926
1.0498
0.867233
1.50375
1.2616
0.727768
1.06506
1.1525
0.704956
0.90271
1.33003
0.888824
0.782318
1.30722
1.11069
0.707474
1.16142
1.34903
0.787354
0.916672
1.27426
0.794983
0.754395
1.65207
1.85371
1.47202
2.27211
2.37228
1.22864
1.03844
1.28059
0.817795
0.689697
1.13731
0.997849
0.693512
1.0891
1.1779
0.690994
0.829163
1.1982
0.882416
0.778503
1.31859
1.15883
0.740433
1.15379
1.28441
0.735397
0.896378
1.29196
0.930634
0.83931
1.41373
1.18675
0.755692
1.23619
1.50627
0.857086
1.01936
1.50375
1.01051
0.879898
1.48727
1.33514
0.849457
1.30852
1.52527
0.97374
1.29578
1.86386
1.26793
1.14113
1.80046
1.48476
0.933151
1.55823
1.71425
0.924301
1.06247
1.51894
0.962296
0.756912
1.16394
0.947113
0.588303
0.934448
1.17279
0.701141
0.827942
1.18042
0.753098
0.61615
1.04218
0.90271
0.575638
0.968704
1.12717
0.67955
0.812683
1.07895
0.693512
0.630112
1.16524
1.01814
0.660553
1.07773
1.1969
0.683365
0.81398
1.22986
0.826645
0.668182
1.09924
0.997849
0.64537
1.08406
1.25778
0.699844
0.872345
1.27174
0.826645
0.758209
1.28189
1.03966
0.699844
1.24634
1.37062
0.796204
1.00166
1.41624
0.931931
0.819092
1.30211
1.03584
0.622559
0.98259
1.12587
0.666885
0.848236
1.25397
0.810165
0.722656
1.28563
1.07262
0.674515
1.00418
1.10054
0.579376
0.745544
1.19438
0.983887
1.27808
2.38495
2.3317
1.64192
1.92978
1.66985
0.820312
0.991516
1.4492
0.968704
0.803833
1.29326
1.04095
0.652924
0.977554
1.14113
0.703659
0.854568
1.20453
0.794983
0.726471
1.22986
1.00166
0.682144
1.1779
1.3047
0.690994
0.841904
1.30592
0.846939
0.745544
1.33766
1.15631
0.732803
1.15509
1.33636
0.794983
1.01936
1.53542
1.05492
0.934448
1.56464
1.37695
0.879898
1.39847
1.53542
0.882416
1.10306
1.60774
1.02951
0.90271
1.43272
1.12083
0.717621
1.0701
1.14113
0.633926
0.751877
1.07521
0.690994
0.59082
1.04095
0.94841
0.627594
0.953445
1.0891
0.619965
0.763245
1.10306
0.7341
0.631409
1.04477
0.900192
0.592117
1.07391
1.29959
0.744247
0.907822
1.37444
0.883713
0.745544
1.20834
1.04858
0.704956
1.12083
1.27426
0.698624
0.779724
1.31355
0.939484
0.775909
1.29578
1.11702
0.715103
1.12968
1.34781
0.787354
0.991516
1.5139
0.976257
0.807648
1.37947
1.18927
0.800018
1.31859
1.50375
0.83931
1.04095
1.58615
1.04599
0.787354
1.33888
1.11572
0.660553
1.01181
1.1348
0.678329
0.865936
1.2159
0.756912
0.718918
1.27548
1.04218
0.685883
1.0701
1.15509
0.649185
0.765762
1.14235
0.949631
1.15128
2.26196
2.26959
1.67488
2.02232
1.75224
0.811462
0.917969
1.29959
0.806351
0.658035
1.09924
0.939484
0.569305
0.929337
1.06506
0.650406
0.798798
1.16394
0.786057
0.683365
1.17531
1.00166
0.677032
1.12335
1.25397
0.715103
0.888824
1.37062
0.882416
0.774689
1.34018
1.17279
0.773392
1.24512
1.44539
0.857086
1.06506
1.53671
1.01433
0.934448
1.63177
1.41754
0.88501
1.33003
1.44798
0.921783
1.24001
1.71043
1.08536
0.864716
1.47079
1.22101
0.720139
1.1335
1.3047
0.698624
0.829163
1.17027
0.850754
0.716324
1.09673
0.947113
0.630112
1.0321
1.16142
0.665665
0.796204
1.24512
0.836792
0.740433
1.22986
1.03462
0.697327
1.21086
1.3224
0.727768
0.829163
1.24634
0.850754
0.769577
1.28944
1.11572
0.74295
1.18675
1.38962
0.803833
0.94841
1.37825
0.900192
0.791168
1.39595
1.13731
0.659256
1.06758
1.34781
0.816498
0.972443
1.37695
0.895157
0.789871
1.38329
1.22353
0.768356
1.2413
1.50497
0.869751
1.09924
1.66222
1.09673
0.852051
1.38077
1.23116
0.803833
1.24252
1.31737
0.720139
0.925598
1.34148
0.869751
0.715103
1.14235
0.986404
0.664368
1.05743
1.15631
0.68718
0.859604
1.24634
0.812683
0.666885
1.06758
1.01555
0.835571
1.85623
2.43187
1.83594
2.08321
2.24167
1.16524
0.760727
1.26534
1.16264
0.692291
0.98259
1.07521
0.663071
0.777206
1.0891
0.730286
0.664368
1.1335
0.94841
0.611115
1.03966
1.23619
0.726471
0.855789
1.25145
0.846939
0.784836
1.34521
1.0891
0.732803
1.17531
1.34781
0.781021
1.00548
1.47331
0.986404
0.925598
1.60141
1.40358
0.907822
1.45683
1.61911
0.923004
1.1322
1.59378
1.05492
0.921783
1.51512
1.26793
0.807648
1.26534
1.42891
0.832977
0.995331
1.45554
0.938263
0.75943
1.23749
1.06506
0.680847
0.977554
1.09924
0.722656
0.942078
1.32622
0.858383
0.745544
1.31485
1.16898
0.755692
1.2413
1.52657
0.853271
0.977554
1.37314
0.921783
0.836792
1.39595
1.17912
0.783539
1.22604
1.39725
0.769577
0.904007
1.31859
0.905304
0.773392
1.20956
1.03333
0.708771
1.12465
1.18927
0.660553
0.765762
1.1145
0.768356
0.636444
1.04347
0.931931
0.611115
0.936966
1.02318
0.625076
0.744247
1.01303
0.726471
0.665665
1.10817
0.98259
0.688477
1.10558
1.22864
0.815277
1.04218
1.47835
1.02318
0.891342
1.44035
1.21849
0.815277
1.20323
1.29326
0.755692
0.87738
1.18546
0.821609
0.760727
1.23871
1.04218
0.699844
1.03333
1.30341
0.820312
1.01303
1.46065
0.925598
0.770874
1.17279
1.05362
0.854568
1.8055
2.39891
1.99821
2.30637
2.58148
1.5773
1.01685
1.45302
1.21468
0.751877
1.0498
1.13098
0.678329
0.826645
1.24252
0.83046
0.706177
1.14113
0.977554
0.64537
0.988922
1.16524
0.706177
0.860901
1.25648
0.920486
0.840607
1.35666
1.12587
0.748062
1.18294
1.38077
0.831757
1.01181
1.36681
0.876083
0.821609
1.39091
1.15379
0.767059
1.23749
1.44798
0.858383
1.06628
1.50879
1.05362
0.969925
1.60141
1.29837
0.83931
1.24382
1.28311
0.756912
0.926819
1.35284
0.83046
0.69603
1.13861
0.940781
0.606003
0.947113
0.97374
0.522385
0.692291
1.0498
0.740433
0.647888
1.02829
0.860901
0.579376
0.949631
1.0511
0.641556
0.787354
1.10184
0.75058
0.694809
1.16394
1.01814
0.674515
0.985184
1.08788
0.711288
0.873566
1.2159
0.807648
0.723953
1.1982
0.994034
0.675812
1.09924
1.29837
0.75943
0.910339
1.28189
0.791168
0.715103
1.24763
1.12968
0.775909
1.24252
1.4061
0.834274
1.02448
1.46446
0.945816
0.807648
1.42639
1.20705
0.810165
1.36299
1.5976
0.961075
1.24886
1.75102
1.15379
0.947113
1.46446
1.22101
0.779724
1.12587
1.26663
0.753098
0.916672
1.26915
0.83931
0.744247
1.22482
1.07262
0.694809
1.0257
1.10306
0.660553
0.81398
1.14998
0.83931
0.94841
1.94244
2.11105
1.64574
2.17323
2.0591
0.955963
0.86853
1.07773
0.729065
0.637741
1.11572
0.986404
0.649185
0.987701
1.05995
0.637741
0.74295
1.11572
0.83046
0.765762
1.28059
1.01814
0.642776
1.02318
1.2159
0.798798
0.969925
1.35536
0.890045
0.772171
1.33003
1.1969
0.793686
1.26793
1.36551
0.819092
1.11832
1.62926
1.05743
0.855789
1.36932
1.19186
0.850754
1.40862
1.60141
0.942078
1.1779
1.65466
1.11198
0.969925
1.52657
1.27548
0.784836
1.18927
1.325
0.763245
0.849457
1.08406
0.711288
0.631409
1.05614
0.952225
0.621262
0.928116
0.98259
0.587006
0.753098
0.999069
0.693512
0.669403
1.11702
0.920486
0.609818
0.95726
1.08788
0.720139
0.898972
1.35536
0.860901
0.748062
1.21086
1.02448
0.685883
1.05232
1.11572
0.685883
0.921783
1.33133
0.857086
0.756912
1.21719
1.0688
0.711288
1.08276
1.21971
0.760727
0.912857
1.26663
0.910339
0.859604
1.42769
1.15761
0.763245
1.22101
1.34781
0.829163
1.06377
1.48727
1.008
0.912857
1.5329
1.31485
0.852051
1.31989
1.40862
0.821609
1.0511
1.46317
0.888824
0.74173
1.2413
1.08536
0.730286
1.12335
1.21849
0.75058
0.976257
1.42891
0.939484
0.798798
1.28822
1.08154
0.698624
1.0498
1.25648
0.921783
1.55067
2.57133
2.35069
2.18208
2.65884
1.99188
1.04347
1.49361
1.57219
0.942078
1.1525
1.54175
0.98259
0.827942
1.39977
1.20453
0.821609
1.30852
1.45554
0.840607
1.04858
1.52657
1.00418
0.907822
1.50879
1.26915
0.840607
1.31485
1.51512
0.900192
1.08276
1.58615
1.04477
0.892563
1.53038
1.35414
0.888824
1.41243
1.64192
1.04095
1.28189
1.73454
1.16776
0.995331
1.61659
1.3858
0.857086
1.27678
1.34651
0.779724
0.949631
1.29326
0.863419
0.778503
1.15128
0.949631
0.6073
0.881195
0.926819
0.523605
0.6707
0.920486
0.600967
0.514755
0.881195
0.787354
0.538864
0.836792
0.900192
0.542679
0.694809
0.958557
0.685883
0.649185
0.992737
0.871048
0.546417
0.862198
0.971222
0.61615
0.788651
1.07773
0.731583
0.654221
1.0688
0.931931
0.632629
0.977554
1.06506
0.651703
0.848236
1.22864
0.831757
0.745544
1.25397
1.04218
0.713806
1.15509
1.34521
0.794983
0.944595
1.43906
1.01814
0.853271
1.38199
1.17912
0.797501
1.24763
1.36681
0.789871
1.01433
1.49742
0.940781
0.773392
1.16646
0.938263
0.58197
0.865936
0.98259
0.639038
0.852051
1.31104
0.864716
0.69603
1.05873
0.857086
0.565491
0.890045
0.968704
0.647888
0.971222
1.82457
1.73454
1.7662
2.49908
1.92467
0.949631
1.14235
1.18546
0.69603
0.83046
1.10184
0.709991
0.632629
1.08658
0.916672
0.603485
0.994034
1.09924
0.627594
0.787354
1.10558
0.75058
0.649185
1.0891
0.977554
0.68718
1.1335
1.26793
0.784836
1.03462
1.46828
0.958557
0.865936
1.43906
1.1322
0.762024
1.19057
1.3871
0.86853
1.1322
1.58363
1.0321
0.947113
1.61156
1.44417
0.910339
1.48094
1.70532
0.983887
1.14494
1.56967
1.03333
0.864716
1.41121
1.19057
0.751877
1.08025
1.08536
0.665665
0.858383
1.23749
0.80513
0.654221
1.02951
0.963593
0.682144
1.03081
1.10306
0.663071
0.850754
1.25397
0.836792
0.744247
1.17409
0.994034
0.699844
1.16776
1.28693
0.816498
1.01814
1.43021
0.917969
0.834274
1.35796
1.11069
0.732803
1.14365
1.28059
0.782318
1.02196
1.46446
0.947113
0.871048
1.40228
1.14746
0.781021
1.28189
1.37825
0.784836
0.987701
1.42387
0.90271
0.924301
1.60515
1.31607
0.787354
1.12587
1.27548
0.777206
0.987701
1.37184
0.83931
0.736618
1.25015
1.03462
0.631409
1.06247
1.25397
0.726471
0.900192
1.18423
0.754395
0.707474
1.22864
0.983887
0.587006
0.944595
1.27808
1.08276
1.85242
2.43317
1.62926
1.04095
1.24763
0.836792
0.490646
0.850754
1.01433
0.660553
0.874863
1.21849
0.803833
0.727768
1.16013
1.00288
0.677032
1.07895
1.2616
0.756912
0.921783
1.35666
0.921783
0.800018
1.26534
1.0498
0.722656
1.1335
1.33133
0.800018
1.0067
1.43784
0.959778
0.896378
1.47079
1.25145
0.872345
1.41243
1.51772
0.900192
1.1525
1.65718
1.12206
0.959778
1.52657
1.23116
0.829163
1.35918
1.45935
0.872345
1.08536
1.44669
0.892563
0.74295
1.10687
0.89386
0.622559
0.978851
1.04599
0.618744
0.783539
1.11198
0.717621
0.623779
0.992737
0.892563
0.59845
0.949631
1.02699
0.594635
0.775909
1.0688
0.713806
0.644073
1.08536
0.911636
0.611115
0.996552
1.13983
0.715103
0.900192
1.27548
0.793686
0.726471
1.27426
1.07262
0.693512
1.10687
1.20956
0.723953
0.980072
1.41876
0.925598
0.819092
1.39595
1.1779
0.786057
1.34399
1.49994
0.824127
1.06628
1.54175
0.959778
0.792389
1.30722
1.10558
0.701141
1.03333
1.1335
0.718918
0.897675
1.25778
0.860901
0.763245
1.24634
1.08406
0.727768
1.05873
1.0714
0.593338
0.718918
1.09802
0.906525
1.14365
2.23785
2.23534
1.7852
2.20108
1.76239
0.810165
0.981369
1.35666
0.843124
0.735397
1.17661
0.950928
0.6073
1.00166
1.18675
0.735397
0.909042
1.25397
0.849457
0.755692
1.25778
1.0701
0.751877
1.20705
1.30852
0.779724
1.01051
1.45432
0.943298
0.812683
1.3681
1.20323
0.825424
1.30341
1.4505
0.873566
1.10054
1.61911
1.14494
0.985184
1.67488
1.43524
0.88623
1.38199
1.50627
0.887527
1.13983
1.62544
1.0511
0.962296
1.54816
1.15761
0.758209
1.27174
1.39977
0.781021
0.942078
1.32874
0.793686
0.665665
1.1348
1.00037
0.642776
1.0067
1.0701
0.631409
0.874863
1.34781
0.88501
0.756912
1.20575
1.008
0.69603
1.1132
1.25267
0.729065
0.936966
1.39977
0.944595
0.871048
1.44165
1.15631
0.726471
1.21338
1.33888
0.774689
0.983887
1.4061
0.942078
0.860901
1.42891
1.15883
0.803833
1.35918
1.52527
0.896378
1.15509
1.62674
1.03844
0.912857
1.50246
1.1982
0.808945
1.28944
1.30089
0.717621
0.864716
1.27174
0.869751
0.768356
1.20834
1.03966
0.715103
1.10558
1.19057
0.685883
0.838089
1.05873
0.682144
0.642776
1.23238
1.29578
1.1969
2.20749
2.50412
1.78398
1.63818
1.73576
1.00288
0.86853
1.38199
1.07521
0.712509
1.02951
1.0498
0.640259
0.811462
1.10558
0.787354
0.768356
1.22734
1.0067
0.712509
1.15379
1.21719
0.732803
0.955963
1.30974
0.863419
0.80513
1.37062
1.13602
0.765762
1.28189
1.39847
0.82283
1.10817
1.52786
0.971222
0.876083
1.46187
1.23619
0.83931
1.40488
1.50497
0.841904
1.08658
1.61278
1.10558
0.958557
1.55701
1.24886
0.736618
1.16264
1.38962
0.82283
0.972443
1.29196
0.83931
0.772171
1.30341
1.11702
0.791168
1.28822
1.46568
0.849457
1.02951
1.42006
0.935669
0.962296
1.6407
1.3427
0.879898
1.37825
1.49231
0.86853
1.15128
1.64703
1.0891
0.97374
1.5329
1.27174
0.890045
1.44035
1.60774
0.959778
1.20193
1.62422
1.0498
0.96489
1.59248
1.31104
0.801315
1.20193
1.47583
0.89386
1.19438
1.67618
1.15631
1.04095
1.64825
1.28563
0.812683
1.25778
1.29326
0.731583
0.943298
1.325
0.876083
0.792389
1.23749
1.03714
0.674515
1.03714
1.17912
0.713806
0.836792
1.18042
0.808945
0.694809
1.02448
0.816498
0.542679
1.08788
1.61278
1.33888
1.85623
2.3748
1.52023
0.97374
1.33003
1.01303
0.664368
0.97374
1.10817
0.685883
0.778503
1.04095
0.74173
0.675812
1.03966
0.871048
0.58197
0.988922
1.1348
0.67955
0.840607
1.17661
0.797501
0.737915
1.20834
1.008
0.698624
1.12335
1.18042
0.685883
0.891342
1.28693
0.867233
0.811462
1.30592
1.04095
0.718918
1.14616
1.29074
0.793686
1.01814
1.43021
0.983887
0.865936
1.41754
1.23497
0.807648
1.21208
1.26915
0.770874
0.949631
1.28693
0.844421
0.736618
1.1348
0.904007
0.59082
0.89386
0.950928
0.571823
0.730286
0.978851
0.668182
0.627594
1.05362
0.905304
0.614929
0.997849
1.15128
0.707474
0.849457
1.13861
0.754395
0.684662
1.14998
0.931931
0.603485
0.938263
1.03844
0.654221
0.808945
1.10939
0.717621
0.637741
1.04095
0.914154
0.631409
0.987701
1.09802
0.678329
0.88501
1.21719
0.849457
0.782318
1.23367
0.987701
0.646591
1.02318
1.08788
0.622559
0.786057
1.01555
0.685883
0.644073
1.04729
0.850754
0.557861
0.900192
0.972443
0.583191
0.782318
1.12465
0.744247
0.611115
0.914154
0.760727
0.541382
1.1145
1.67999
1.37184
1.93611
2.51053
1.60263
0.938263
1.23497
1.01685
0.711288
1.1322
1.20071
0.708771
0.953445
1.35284
0.840607
0.75058
1.25526
1.04218
0.737915
1.25526
1.47964
0.892563
1.06758
1.5316
1.01555
0.949631
1.58867
1.31737
0.863419
1.46187
1.65718
0.981369
1.21208
1.72691
1.13602
0.967407
1.66481
1.50879
0.959778
1.55823
1.75606
1.05743
1.32751
1.82076
1.28059
1.12587
1.69014
1.39214
0.933151
1.49994
1.64192
0.94841
1.17531
1.58867
0.945816
0.807648
1.38199
1.10306
0.699844
0.978851
1.08154
0.699844
0.862198
1.18546
0.838089
0.802536
1.26282
0.963593
0.635223
0.995331
1.1145
0.693512
0.871048
1.22353
0.800018
0.767059
1.28059
1.05995
0.723953
1.13098
1.24252
0.736618
0.96489
1.38077
0.935669
0.873566
1.4492
1.15761
0.763245
1.16013
1.23619
0.730286
1.00166
1.50124
0.977554
0.867233
1.41502
1.15509
0.788651
1.28311
1.40488
0.853271
1.04858
1.3237
0.849457
0.777206
1.1982
0.929337
0.637741
1.00288
1.0688
0.67955
0.862198
1.21719
0.827942
0.762024
1.25267
0.97374
0.673218
1.03462
1.05614
0.600967
0.825424
1.41121
1.33003
1.56464
2.45087
2.19734
1.33255
1.39091
1.14113
0.649185
0.879898
1.22101
0.774689
0.698624
1.11832
0.88623
0.574341
0.980072
1.09802
0.678329
0.844421
1.19942
0.83931
0.797501
1.26534
1.05232
0.701141
1.10184
1.25778
0.773392
0.985184
1.41754
0.905304
0.832977
1.40358
1.11198
0.762024
1.27808
1.47964
0.936966
1.25015
1.61156
1.07773
0.991516
1.60393
1.31226
0.888824
1.32118
1.49109
0.977554
1.23749
1.65337
1.02829
0.862198
1.31607
1.01433
0.698624
1.05995
1.08276
0.650406
0.853271
1.12846
0.729065
0.67955
1.05232
0.87738
0.614929
0.97374
1.0511
0.682144
0.863419
1.08788
0.684662
0.609818
1.0067
0.911636
0.701141
1.1322
1.17409
0.69603
0.862198
1.18294
0.75058
0.664368
1.08536
0.907822
0.613632
1.11198
1.26915
0.731583
1.008
1.33003
0.854568
0.797501
1.23497
1.03462
0.745544
1.17409
1.27548
0.786057
1.0321
1.52786
1.02318
0.930634
1.48216
1.18042
0.789871
1.20323
1.23497
0.737915
0.931931
1.24252
0.816498
0.763245
1.09924
0.869751
0.618744
1.03844
1.11954
0.726471
0.896378
1.09802
0.69603
0.627594
1.00418
0.976257
0.891342
1.8309
2.21504
1.64574
1.81442
1.70914
0.778503
0.614929
0.938263
0.831757
0.583191
1.01051
1.14235
0.703659
0.841904
1.11832
0.821609
0.786057
1.24252
1.0498
0.788651
1.21971
1.2616
0.735397
0.976257
1.43021
0.95726
0.853271
1.38962
1.18675
0.802536
1.27426
1.39847
0.882416
1.14494
1.60896
1.09291
0.990219
1.64192
1.39473
0.88501
1.42258
1.54175
0.931931
1.26411
1.74721
1.27296
1.17279
1.77383
1.46698
0.943298
1.32622
1.34148
0.843124
1.03714
1.36047
0.859604
0.767059
1.09673
0.876083
0.617447
0.930634
1.02448
0.673218
0.821609
1.03966
0.706177
0.690994
1.08154
0.953445
0.707474
1.02066
1.07391
0.693512
0.892563
1.18927
0.83046
0.821609
1.32622
1.08154
0.749283
1.14365
1.22986
0.787354
1.00922
1.3871
0.939484
0.872345
1.43524
1.22101
0.87738
1.39977
1.51138
0.901489
1.17409
1.58234
0.933151
0.792389
1.41502
1.20834
0.787354
1.11069
1.21086
0.754395
0.944595
1.2159
0.816498
0.773392
1.1982
1.02448
0.748062
1.18805
1.24763
0.753098
0.867233
1.00037
0.655518
0.692291
1.29074
1.35414
1.25526
2.15546
2.24045
1.23367
1.12465
1.25145
0.764542
0.716324
1.24001
1.03584
0.723953
1.15128
1.20575
0.744247
0.980072
1.24382
0.803833
0.801315
1.325
1.10184
0.762024
1.18546
1.33003
0.787354
1.01814
1.37825
0.910339
0.83931
1.31859
1.11954
0.802536
1.29326
1.33255
0.854568
1.22101
1.61407
1.04599
0.96489
1.56204
1.36177
0.936966
1.48727
1.53542
0.971222
1.26915
1.61789
1.02699
0.945816
1.44669
1.14998
0.768356
1.1969
1.25015
0.74173
0.904007
1.14616
0.75058
0.688477
1.03844
0.801315
0.52742
0.89386
0.967407
0.612411
0.806351
1.09169
0.744247
0.702438
1.06125
0.90271
0.690994
1.03844
1.04729
0.651703
0.845718
1.18805
0.811462
0.744247
1.06628
0.876083
0.680847
1.09673
1.18927
0.760727
0.930634
1.22223
0.834274
0.815277
1.26411
1.06377
0.812683
1.24382
1.20193
0.769577
1.0714
1.49361
0.947113
0.819092
1.26915
1.06247
0.721436
1.00922
0.996552
0.59967
0.802536
1.09291
0.772171
0.753098
1.18805
1.00288
0.715103
1.0701
1.03584
0.600967
0.698624
0.94841
0.783539
0.975037
2.00333
1.94115
1.48346
1.8055
1.33636
0.636444
0.760727
1.01936
0.756912
0.715103
1.08658
0.947113
0.64537
0.950928
1.04858
0.688477
0.862198
1.15379
0.787354
0.707474
1.09169
0.939484
0.706177
1.07643
1.21719
0.834274
1.12206
1.46317
0.88623
0.784836
1.25648
1.03966
0.764542
1.21849
1.37825
0.909042
1.18294
1.54938
1.00037
0.981369
1.54816
1.28189
0.858383
1.26282
1.33133
0.848236
1.16646
1.55952
0.985184
0.887527
1.44539
1.14494
0.788651
1.20956
1.2159
0.712509
0.834274
0.985184
0.666885
0.666885
1.07895
0.874863
0.593338
0.94841
1.05362
0.694809
0.88501
1.21338
0.80513
0.730286
1.10306
0.914154
0.631409
0.978851
1.15509
0.754395
0.94841
1.29707
0.88623
0.827942
1.3224
1.10054
0.788651
1.22223
1.23116
0.749283
0.940781
1.37695
0.991516
0.968704
1.54816
1.25778
0.869751
1.40991
1.40991
0.858383
1.10939
1.36429
0.824127
0.722656
1.23619
1.0321
0.781021
1.17157
1.14494
0.75943
0.94841
1.28311
0.872345
0.852051
1.33888
1.00037
0.600967
0.824127
0.88623
0.702438
1.19438
2.00836
1.78139
1.78902
2.4382
1.71677
0.810165
1.11832
1.1956
0.769577
0.977554
1.26793
0.827942
0.794983
1.29456
1.01814
0.718918
1.11572
1.25267
0.811462
1.04218
1.32751
0.849457
0.803833
1.22864
1.13098
0.846939
1.3047
1.33133
0.80513
1.00922
1.41754
0.969925
0.919189
1.49231
1.2159
0.797501
1.25397
1.42136
0.921783
1.1525
1.53038
1.03081
0.935669
1.52657
1.26282
0.871048
1.31607
1.39343
0.863419
1.04729
1.37314
0.907822
0.801315
1.20705
1.00166
0.729065
1.0511
0.996552
0.649185
0.829163
1.06125
0.745544
0.692291
1.0067
0.838089
0.625076
1.01685
1.05743
0.694809
0.904007
1.19057
0.774689
0.694809
1.06758
0.895157
0.650406
1.06506
1.14365
0.727768
0.920486
1.24252
0.858383
0.834274
1.30089
1.03966
0.698624
1.09421
1.15631
0.773392
0.990219
1.24634
0.862198
0.911636
1.37314
1.09543
0.807648
1.24512
1.3224
0.862198
1.04347
1.3237
0.853271
0.817795
1.33003
1.09169
0.749283
1.06506
1.08536
0.660553
0.808945
1.10939
0.832977
0.80513
1.20705
1.00288
0.755692
1.14365
1.19308
0.732803
0.867233
1.00548
0.663071
0.722656
1.46317
1.62292
1.40991
2.21001
2.2683
1.2616
1.09543
1.21971
0.826645
0.758209
1.15509
0.952225
0.635223
0.976257
1.03714
0.701141
0.905304
1.18042
0.762024
0.711288
1.15883
0.969925
0.694809
1.17157
1.22101
0.740433
0.968704
1.28189
0.845718
0.820312
1.36681
1.16524
0.801315
1.20575
1.33636
0.815277
1.05995
1.46065
1.02066
1.03081
1.57852
1.259
0.89386
1.40862
1.49612
0.954742
1.20956
1.65085
1.1322
1.03584
1.62804
1.31485
0.848236
1.25778
1.3237
0.773392
0.945816
1.18423
0.802536
0.801315
1.23367
0.94841
0.617447
0.950928
1.02196
0.639038
0.754395
1.01303
0.765762
0.692291
1.02318
0.853271
0.621262
0.96489
1.01685
0.641556
0.850754
1.24763
0.831757
0.75058
1.16013
0.96611
0.682144
1.13098
1.26793
0.768356
0.896378
1.1982
0.838089
0.797501
1.33255
1.10306
0.736618
1.17279
1.28944
0.775909
0.94841
1.32874
0.931931
0.872345
1.31485
0.988922
0.671997
1.15379
1.28944
0.803833
0.949631
1.30974
0.917969
0.863419
1.40228
1.22223
0.879898
1.40106
1.43524
0.863419
1.11572
1.4505
0.944595
0.882416
1.33255
1.02829
0.713806
1.06758
1.16776
0.760727
0.915451
1.26663
0.87738
0.777206
1.20071
0.986404
0.698624
1.10306
1.13983
0.644073
0.800018
1.21208
1.05873
1.38458
2.42554
2.39258
1.90186
2.12502
1.62292
0.775909
0.921783
1.25526
0.81398
0.745544
1.09673
0.912857
0.632629
0.987701
1.04347
0.627594
0.808945
1.21719
0.829163
0.744247
1.17531
0.944595
0.618744
1.02448
1.16776
0.727768
0.911636
1.27548
0.843124
0.758209
1.20575
0.999069
0.726471
1.25397
1.37825
0.811462
0.990219
1.43906
0.992737
0.940781
1.56334
1.27808
0.827942
1.35033
1.54053
0.920486
1.22864
1.65085
1.00166
0.897675
1.54434
1.23871
0.745544
1.17279
1.27296
0.707474
0.857086
1.23116
0.838089
0.718918
1.12465
0.906525
0.58197
0.953445
1.00418
0.614929
0.864716
1.18423
0.769577
0.723953
1.27808
1.07262
0.708771
1.07773
1.22864
0.749283
0.995331
1.37825
0.831757
0.75943
1.31607
1.09291
0.748062
1.21849
1.30974
0.784836
0.988922
1.4061
0.978851
0.874863
1.36177
1.07773
0.736618
1.13098
1.21719
0.788651
1.12335
1.60263
1.03081
0.917969
1.5126
1.24382
0.763245
1.16776
1.33133
0.82283
1.04095
1.49864
1.008
0.864716
1.49231
1.33766
0.906525
1.41876
1.47964
0.829163
1.07521
1.60645
1.10817
1.0067
1.67236
1.38458
0.825424
1.2603
1.35414
0.820312
0.985184
1.3047
0.876083
0.778503
1.21468
1.03966
0.715103
1.12465
1.16776
0.698624
0.910339
1.33003
0.910339
0.83931
1.32622
1.02066
0.651703
1.02318
1.33385
1.04858
1.89934
2.75017
2.26578
1.98433
2.17575
1.44165
0.82283
1.20956
1.23238
0.783539
0.963593
1.2616
0.86853
0.821609
1.26915
1.05362
0.756912
1.1335
1.28693
0.857086
0.981369
1.21468
0.848236
0.811462
1.31737
1.14616
0.777206
1.16142
1.25778
0.763245
0.986404
1.38329
0.898972
0.797501
1.29707
1.03462
0.754395
1.26663
1.44798
0.87738
1.11198
1.56464
1.05492
0.871048
1.30341
0.997849
0.677032
1.17027
1.29837
0.779724
0.962296
1.30211
0.867233
0.735397
1.06628
0.869751
0.562897
0.873566
0.930634
0.535049
0.649185
0.83931
0.569305
0.551529
0.909042
0.826645
0.59845
0.958557
1.05362
0.692291
0.832977
1.15509
0.840607
0.807648
1.31104
1.16646
0.791168
1.15761
1.36299
0.86853
1.03333
1.43654
1.00166
0.901489
1.50497
1.21719
0.817795
1.27548
1.37566
0.787354
0.978851
1.43021
0.915451
0.807648
1.33133
1.16524
0.812683
1.28311
1.34781
0.826645
0.935669
1.27678
0.831757
0.765762
1.34018
1.0498
0.721436
1.21849
1.4505
0.874863
1.08154
1.60896
1.12335
0.943298
1.48476
1.33133
0.859604
1.2793
1.44539
0.841904
1.008
1.30852
0.881195
0.836792
1.28441
0.996552
0.685883
1.11702
1.21338
0.753098
0.945816
1.34903
0.896378
0.777206
1.15509
0.945816
0.664368
1.1969
1.74088
1.47331
1.96777
2.41669
1.57219
0.914154
1.0511
0.810165
0.566711
0.849457
0.88623
0.542679
0.727768
0.991516
0.649185
0.53627
0.916672
0.860901
0.600967
0.88623
0.977554
0.655518
0.824127
1.15631
0.800018
0.680847
1.12846
1.02448
0.707474
1.09291
1.28563
0.854568
1.06628
1.51009
1.00288
0.829163
1.38962
1.24252
0.859604
1.41502
1.51894
0.891342
1.08658
1.60393
1.19438
1.00037
1.56204
1.27296
0.834274
1.24512
1.31485
0.792389
1.03462
1.44417
0.940781
0.801315
1.23619
1.00288
0.668182
0.987701
1.05232
0.619965
0.75058
0.990219
0.711288
0.618744
1.05743
0.942078
0.6073
0.926819
1.04858
0.64537
0.80513
1.1982
0.826645
0.7341
1.24001
1.08276
0.74295
1.07262
1.10558
0.732803
0.985184
1.44798
0.96611
0.836792
1.36299
1.15379
0.753098
1.20705
1.34521
0.787354
1.01051
1.46568
0.912857
0.807648
1.29196
1.07773
0.737915
1.15379
1.29196
0.825424
1.08276
1.54434
0.976257
0.816498
1.33385
1.14365
0.748062
1.2603
1.56837
0.929337
1.1779
1.65337
1.11702
0.88623
1.37184
1.18172
0.806351
1.19186
1.29707
0.744247
0.891342
1.26663
0.850754
0.769577
1.22864
1.0321
0.69603
1.03462
1.19057
0.706177
0.852051
1.20834
0.836792
0.746765
1.36932
1.49361
1.39595
2.40402
2.51427
1.64322
1.53923
1.58112
0.817795
