1.359177
2.411575
0.405731
0.689697
2.717133
1.149979
0.433578
2.415390
1.948776
0.327072
1.667328
2.847748
0.679550
1.010513
3.018951
1.343994
0.485611
2.576447
2.151642
0.363846
1.584854
2.462311
0.401917
0.687180
2.596741
0.939484
0.154648
1.751022
1.402283
0.074768
1.231155
2.090836
0.257339
0.437393
2.116165
0.759430
0.182571
1.898041
1.450500
0.044327
1.100540
2.185898
0.330887
0.609818
2.438202
0.890045
0.196457
1.882858
1.615295
0.136871
1.271744
2.234116
0.300446
0.512238
2.355804
0.904007
0.264969
2.231522
1.786499
0.107727
1.207047
2.244186
0.354996
0.688477
2.624588
0.997849
0.243378
2.073059
1.730728
0.202866
1.428909
2.405243
0.362625
0.622559
2.529526
0.919189
0.249710
2.188416
1.801682
0.157166
1.272964
2.321548
0.396805
0.703659
2.609406
0.968704
0.264969
2.231522
1.842270
0.174942
1.365509
2.509232
0.491943
0.791168
2.789459
1.128464
0.348663
2.297440
1.947556
0.289078
1.474609
2.511749
0.474167
0.768356
2.772980
1.136017
0.353699
2.316513
1.919632
0.257339
1.504974
2.615738
0.543900
0.840607
2.781830
1.165237
0.451355
2.601776
2.173233
0.398102
1.739578
2.876892
0.645370
0.888824
2.955551
1.251450
0.386658
2.407761
1.915817
0.186386
1.392136
2.543488
0.491943
0.725250
2.680359
1.052322
0.292892
2.293701
1.925964
0.245972
1.451721
2.548523
0.504608
0.726471
2.624588
1.090393
0.464020
2.870560
2.949219
0.879898
2.417908
3.340988
0.810165
0.888824
2.651215
0.945816
0.182571
1.894302
1.553192
0.105209
1.311035
2.387466
0.370178
0.485611
2.104721
0.712509
0.164795
1.955109
1.657181
0.109024
1.196899
2.265778
0.372772
0.613632
2.504120
0.995331
0.243378
1.960220
1.597595
0.100098
1.229858
2.264481
0.324554
0.561676
2.496567
0.964890
0.256119
2.122498
1.860046
0.232010
1.451721
2.603073
0.513458
0.746765
2.693100
1.158829
0.365143
2.289886
1.927261
0.201569
1.241302
2.197342
0.308075
0.403137
2.036285
0.699844
0.097580
1.558228
1.295776
0.030365
0.975037
2.024841
0.277634
0.451355
2.196045
0.740433
0.109024
1.695175
1.482162
0.076065
1.043472
2.037582
0.275116
0.465317
2.272110
0.852051
0.141983
1.799164
1.629257
0.160980
1.236191
2.273407
0.330887
0.479279
2.283554
0.876083
0.174942
1.900635
1.654663
0.131836
1.250153
2.344360
0.401917
0.588303
2.458496
0.928116
0.187607
1.981735
1.749725
0.179977
1.247635
2.376099
0.385437
0.564194
2.535858
1.038437
0.270004
2.198563
1.998215
0.304260
1.453018
2.615738
0.564194
0.756912
2.674026
1.113205
0.301743
2.131348
1.896820
0.306778
1.506271
2.667694
0.521088
0.730286
2.761536
1.120834
0.294113
2.241669
1.983032
0.224380
1.285629
2.452164
0.464020
0.655518
2.661362
1.149979
0.357513
2.240448
1.876526
0.263672
1.545563
2.679138
0.531235
0.773392
2.884521
1.285629
0.389252
2.382431
2.117462
0.337219
1.563339
2.791977
0.573044
0.725250
2.681656
1.120834
0.304260
2.220154
1.931076
0.226898
1.440353
2.679138
0.495758
0.680847
2.789459
1.242523
0.426025
2.883301
3.018951
0.999069
3.026581
3.689651
1.705322
1.518936
3.469086
1.482162
0.405731
2.339325
2.010956
0.200272
1.308517
2.533340
0.472870
0.647888
2.644882
1.076431
0.219345
2.111053
1.936111
0.188904
1.351624
2.590408
0.461502
0.565491
2.340622
0.822830
0.130539
1.805496
1.539230
0.062103
1.049805
2.109833
0.282745
0.423431
2.321548
0.945816
0.143204
1.764908
1.584854
0.112839
1.156311
2.216339
0.319519
0.466537
2.395096
0.969925
0.147018
1.912003
1.764908
0.119171
1.156311
2.207489
0.291595
0.379105
2.070541
0.633926
0.040512
1.381989
1.205750
0.015182
0.706177
1.667328
0.153351
0.310593
2.026138
0.671997
0.062103
1.522751
1.409912
0.039291
0.891342
1.995697
0.259857
0.389252
2.286072
0.871048
0.092545
1.597595
1.478348
0.060806
1.021957
2.156754
0.306778
0.405731
2.321548
0.921783
0.149612
1.778870
1.520233
0.065918
1.122055
2.332993
0.368958
0.441208
2.237854
0.872345
0.141983
1.896820
1.667328
0.076065
1.072617
2.379913
0.433578
0.562897
2.586594
1.040955
0.136871
1.900635
1.799164
0.135651
1.250153
2.496567
0.405731
0.504608
2.594147
1.111984
0.177460
1.996994
1.913300
0.215530
1.392136
2.712097
0.483017
0.551529
2.639847
1.157608
0.219345
2.089539
1.938629
0.196457
1.311035
2.614441
0.521088
0.659256
2.775497
1.229858
0.267487
2.151642
1.947556
0.204086
1.369324
2.761536
0.619965
0.694809
2.717133
1.170273
0.224380
2.087021
2.002029
0.214233
1.257782
2.535858
0.488129
0.575638
2.510529
1.028290
0.182571
2.061615
1.843567
0.120392
1.214676
2.578964
0.529938
0.654221
2.899780
1.583633
0.754395
3.301697
3.148270
0.756912
1.942444
3.045578
0.564194
0.457687
2.193527
0.843124
0.093765
1.687622
1.630554
0.083618
1.125870
2.471161
0.396805
0.451355
2.374802
1.033325
0.148315
1.851196
1.715469
0.120392
1.160126
2.488937
0.461502
0.565491
2.670288
1.191864
0.251007
2.123795
1.977921
0.207901
1.388397
2.925110
0.644073
0.583191
2.686768
1.294556
0.384140
2.486420
2.345657
0.341034
1.583633
2.972031
0.669403
0.779724
3.053207
1.422577
0.306778
2.306366
2.211227
0.202866
1.175308
2.414093
0.394287
0.417099
2.360840
0.962296
0.093765
1.712952
1.690140
0.073471
0.895157
2.111053
0.299225
0.375290
2.411575
1.016846
0.105209
1.778870
1.697769
0.082397
1.077728
2.448349
0.382843
0.405731
2.474976
1.139832
0.163498
2.059097
2.070541
0.188904
1.270447
2.679138
0.523605
0.597153
2.785645
1.272964
0.239639
2.196045
2.118683
0.224380
1.376953
2.776794
0.495758
0.476685
2.558670
1.155090
0.178757
2.145309
2.081909
0.163498
1.155090
2.597961
0.467834
0.441208
2.500381
1.117020
0.202866
2.161789
2.107315
0.202866
1.252670
2.644882
0.480499
0.503311
2.535858
1.056137
0.119171
1.928482
1.988068
0.171127
1.200714
2.547226
0.428543
0.521088
2.757721
1.323700
0.297928
2.260742
2.218857
0.207901
1.188049
2.575150
0.427246
0.434875
2.436981
1.042175
0.133133
1.917114
1.887894
0.119171
1.052322
2.435684
0.424728
0.461502
2.450867
1.065063
0.129318
1.929779
2.274628
0.491943
2.000809
3.754349
1.266632
1.098022
3.207855
1.418762
0.149612
1.734543
1.731949
0.078583
0.911636
2.312698
0.376511
0.375290
2.386246
1.091690
0.158463
2.050247
2.070541
0.202866
1.340179
2.892151
0.617447
0.576859
2.813568
1.279297
0.164795
1.977921
2.018509
0.176239
1.191864
2.610626
0.523605
0.570526
2.838898
1.397247
0.309372
2.331696
2.401428
0.357513
1.521530
3.168564
0.819092
0.769577
3.079834
1.587448
0.380325
2.442017
2.500381
0.395584
1.459351
2.913666
0.651703
0.570526
2.611923
1.167755
0.115356
1.733246
1.781387
0.083618
0.834274
2.197342
0.379105
0.400620
2.423019
1.026993
0.079880
1.766205
1.849899
0.131836
1.223526
2.772980
0.607300
0.600967
2.911148
1.484756
0.318222
2.407761
2.492752
0.366364
1.473312
3.115311
0.767059
0.753098
3.187561
1.583633
0.304260
2.321548
2.430649
0.304260
1.314850
2.765350
0.559158
0.552750
2.854080
1.378250
0.173645
1.960220
1.970367
0.115356
1.035843
2.679138
0.569305
0.441208
2.472458
1.113205
0.107727
1.961441
2.116165
0.148315
1.037140
2.495270
0.433578
0.424728
2.527008
1.189270
0.148315
2.009659
2.080688
0.140686
1.103058
2.733612
0.587006
0.439911
2.444534
1.124649
0.121689
1.856232
1.872711
0.096359
1.057434
2.572632
0.446243
0.380325
2.505417
1.132202
0.079880
1.733246
1.839752
0.095062
0.964890
2.477493
0.413284
0.427246
2.902298
1.751022
0.535049
2.791977
2.817307
0.386658
1.200714
2.360840
0.290298
0.215530
1.979218
0.836792
0.031662
1.370621
1.506271
0.056992
0.860901
2.294922
0.335999
0.243378
2.136459
0.972443
0.063324
1.719284
1.861267
0.095062
0.940781
2.440720
0.424728
0.390472
2.524414
1.172791
0.101395
1.866379
2.010956
0.115356
1.019363
2.657547
0.527420
0.437393
2.646179
1.324997
0.162277
1.946259
2.083206
0.177460
1.136017
2.624588
0.500793
0.438690
2.639847
1.262817
0.097580
1.738281
1.810608
0.078583
0.769577
2.062912
0.262451
0.239639
2.089539
0.897675
0.040512
1.504974
1.630554
0.062103
0.868530
2.321548
0.344849
0.258636
2.073059
0.891342
0.060806
1.669846
1.795349
0.078583
0.839310
2.297440
0.385437
0.403137
2.646179
1.357956
0.192719
1.938629
2.095871
0.207901
1.122055
2.641068
0.528717
0.404434
2.395096
1.086578
0.107727
1.938629
2.159271
0.162277
0.939484
2.452164
0.486832
0.483017
2.675323
1.185455
0.077286
1.786499
2.041321
0.171127
1.113205
2.652512
0.542679
0.495758
2.687988
1.241302
0.125504
2.036285
2.298737
0.204086
1.147461
2.703247
0.519791
0.474167
2.852859
1.540527
0.225677
2.074356
2.235336
0.230713
1.316071
3.020172
0.670700
0.504608
2.781830
1.453018
0.216751
2.160568
2.364655
0.248489
1.243820
2.822418
0.545197
0.361328
2.506714
1.290741
0.134354
1.913300
2.051468
0.125504
0.909042
2.467346
0.464020
0.358810
2.400208
1.087875
0.056992
1.704102
2.098389
0.292892
1.712952
3.802490
1.338882
0.997849
3.342285
1.639404
0.129318
1.766205
2.004547
0.133133
0.917969
2.518082
0.493164
0.399399
2.580261
1.238708
0.092545
1.871414
2.175751
0.190125
1.223526
3.037949
0.774689
0.579376
2.973328
1.601410
0.252304
2.236633
2.563782
0.318222
1.297073
2.988510
0.665665
0.484314
2.814789
1.477127
0.200272
2.188416
2.481308
0.287781
1.371841
3.235779
0.789871
0.581970
3.111496
1.783981
0.341034
2.359619
2.622070
0.346146
1.469498
3.185043
0.690994
0.394287
2.649994
1.350327
0.096359
1.806793
2.093353
